
******** Search completed in 126.851 secs ********

Population size  : 150
Generations      : 20
Mutation Rate    : 1/5
Machine States   : 1000
Shift Limit      : 1000
Fitness weights: 
  Weight a   : 1/5
  Weight b   : 1/2
  Weight c   : 1/5
  Weight d   : 1/3
  Weight e   : 1200
  Weight f   : 1/5
  Weight g   : 1/3
  Weight h   : 60
  Weight i   : 700

**************************************************


******************* best fit *********************
Machine #: (1 1 542 1 1 918 0 0 689 0 1 151 1 0 940 0 1 789 0 0 437 0 1 633 0 0 227 1 0
 818 0 1 175 0 1 949 0 0 644 1 0 508 1 0 984 0 0 481 1 1 819 0 1 32 1 0 537 1 0
 883 0 1 643 0 1 525 1 0 646 0 0 387 1 0 174 1 1 539 0 0 82 0 1 576 0 0 734 1 0
 927 1 1 579 1 1 619 0 0 556 1 0 447 1 1 611 1 1 562 0 1 51 1 0 376 1 0 199 0 0
 946 1 0 611 1 1 535 1 1 445 1 0 290 1 0 544 1 0 137 0 1 602 0 1 922 1 1 984 1
 1 188 0 0 939 1 0 84 0 1 630 0 0 109 1 1 490 0 1 57 0 0 827 1 0 405 0 0 186 1
 0 691 1 1 176 1 0 448 1 0 837 1 1 601 1 0 735 0 1 115 0 0 154 0 1 671 0 0 693
 0 1 254 1 1 615 1 1 597 0 0 798 1 0 732 1 1 366 1 1 328 0 1 453 1 0 943 0 0
 165 1 1 219 1 0 245 0 0 523 1 1 235 1 1 86 0 1 143 1 0 544 0 1 31 0 0 141 1 1
 958 1 1 642 0 0 993 0 1 818 0 0 869 1 0 223 0 1 585 0 1 63 0 0 430 0 0 50 1 1
 197 1 0 513 1 0 551 0 1 647 0 0 129 0 0 35 0 0 9 0 0 573 0 1 74 0 0 200 0 0
 881 0 0 374 0 1 430 1 1 643 1 1 53 1 1 685 1 1 666 0 0 631 0 1 569 1 1 783 0 1
 445 1 0 557 1 1 481 1 1 9 0 1 881 1 1 243 1 0 470 0 0 373 0 1 933 0 1 721 1 0
 63 0 1 133 1 1 55 0 1 777 0 0 182 0 1 993 1 1 257 0 0 56 1 0 711 0 0 435 0 0
 993 1 1 495 1 1 664 0 1 403 0 1 120 0 0 514 1 1 139 0 1 858 1 1 372 1 1 434 1
 0 240 1 1 729 1 0 584 0 0 74 0 0 450 0 1 927 1 1 989 1 1 956 0 0 388 1 0 175 0
 0 528 0 0 892 1 0 367 0 0 325 1 1 288 1 1 174 1 0 224 0 0 96 0 0 496 1 1 771 1
 1 767 1 1 903 1 0 11 0 1 22 0 0 978 0 1 418 0 0 272 1 1 570 0 1 388 0 1 271 1
 0 825 0 0 33 0 0 976 1 1 693 0 0 433 1 1 574 0 1 660 1 1 890 0 0 849 0 0 773 1
 0 859 1 1 518 1 0 978 1 0 540 0 1 684 0 1 746 0 1 815 0 0 372 1 1 88 0 0 563 0
 1 961 1 0 196 1 1 955 0 1 889 1 1 286 0 0 660 1 0 670 1 0 377 0 1 875 1 0 522
 1 1 346 0 1 793 0 1 461 1 1 982 0 1 867 1 0 668 1 0 648 0 0 518 0 1 633 0 0
 269 0 1 2 0 1 804 0 0 535 1 0 455 1 1 39 0 1 545 1 1 985 1 0 8 1 0 520 1 1 379
 0 0 345 1 1 350 1 1 873 1 1 362 0 0 503 1 0 769 1 1 645 1 1 477 0 1 503 0 1 6
 1 0 554 1 0 20 0 1 109 1 1 529 1 0 662 0 1 825 1 1 124 1 0 410 0 1 670 0 1 744
 0 1 430 0 0 824 1 0 914 1 1 575 1 1 586 1 1 773 1 1 885 1 0 534 0 0 713 0 1
 698 1 0 105 1 0 733 0 1 80 1 0 678 0 1 219 0 0 834 0 0 497 1 1 412 0 0 112 1 0
 627 1 1 549 1 0 204 0 1 401 1 0 996 1 1 759 1 0 564 1 0 649 1 1 704 0 1 964 1
 0 765 1 0 240 0 1 844 0 1 670 1 1 239 1 0 681 1 1 951 1 0 226 1 1 907 1 1 249
 0 0 464 1 1 185 1 1 92 1 1 82 0 0 802 1 0 652 1 1 715 1 0 360 1 1 787 0 0 642
 0 0 870 1 1 496 0 0 482 0 1 699 0 1 656 0 1 856 0 0 945 0 1 232 1 1 109 0 0
 791 0 0 296 1 0 959 1 0 557 1 0 825 0 0 269 0 1 211 0 0 497 1 1 795 1 1 571 1
 1 109 0 0 215 0 1 969 1 1 14 0 1 565 1 1 320 0 1 340 1 1 38 1 0 332 1 0 176 1
 0 415 0 1 207 1 1 810 0 1 933 0 1 538 1 0 644 1 0 278 0 0 345 0 1 834 1 0 551
 1 1 993 0 0 32 0 1 406 0 1 744 0 1 481 1 0 494 0 1 387 1 0 86 1 1 162 1 0 156
 1 0 43 1 1 142 0 1 174 0 1 142 1 0 678 0 0 824 1 1 12 0 0 931 1 1 580 0 0 190
 0 0 212 1 0 456 0 1 44 1 0 268 0 0 775 0 1 657 1 0 53 1 1 159 0 1 524 0 1 688
 1 0 440 0 0 289 0 1 922 0 1 774 1 1 912 0 1 251 0 1 116 0 0 998 1 0 912 0 1
 195 0 0 521 1 0 723 1 1 707 0 1 491 1 1 441 1 0 451 0 0 793 1 0 683 1 1 514 1
 1 116 0 0 684 0 0 191 1 0 803 1 0 455 1 0 522 0 1 54 1 1 994 1 1 43 0 1 687 1
 0 370 1 1 33 0 0 9 0 0 627 0 0 215 1 0 359 1 0 323 0 0 862 0 0 833 0 0 91 1 1
 535 1 0 30 1 1 872 0 0 722 1 1 619 1 0 812 0 0 691 0 0 477 0 0 665 0 1 409 1 1
 973 1 0 937 1 0 597 0 1 582 0 0 418 1 1 858 0 1 311 0 1 83 0 0 141 0 0 366 0 1
 965 0 0 838 0 0 515 0 1 887 0 1 649 1 0 701 1 1 841 1 1 388 1 1 231 0 1 827 0
 0 580 0 0 897 0 0 164 0 0 459 0 0 233 1 1 330 1 0 128 0 1 916 0 1 773 0 1 500
 0 0 808 0 0 349 1 1 488 0 1 627 0 1 610 1 0 865 0 0 555 1 1 562 0 0 98 0 0 61
 1 1 449 0 1 167 0 0 721 1 1 534 0 0 553 1 0 654 0 1 131 0 0 459 0 0 880 1 1
 926 1 1 710 0 1 948 1 1 706 0 0 2 0 1 7 1 1 954 0 0 850 0 0 356 0 1 135 0 0
 932 0 0 203 1 0 686 1 0 246 0 0 429 1 1 814 1 1 83 1 1 148 0 0 192 0 1 592 1 0
 351 1 1 835 1 0 612 1 1 88 1 0 96 0 1 142 1 0 667 1 1 411 0 1 435 1 1 50 1 0
 913 0 0 627 1 1 158 1 0 830 0 1 141 1 1 28 1 0 623 0 0 150 0 1 438 0 1 884 1 1
 515 0 1 315 0 0 338 0 0 1 1 0 276 0 0 478 1 0 460 0 1 272 1 1 53 1 0 448 1 0
 85 1 0 49 1 1 31 0 1 507 1 0 628 1 1 701 1 1 718 0 0 404 0 0 880 1 1 764 1 1
 997 0 1 173 1 0 865 0 1 924 0 0 120 0 0 212 0 0 215 0 0 652 0 0 755 1 1 718 0
 1 898 0 0 415 1 0 498 1 1 721 1 0 598 1 0 555 0 1 613 0 0 471 1 0 53 0 1 772 0
 0 541 1 0 686 0 1 138 0 1 369 1 1 772 1 1 424 1 0 255 0 1 107 1 1 510 0 0 660
 1 1 317 0 1 739 1 0 646 0 0 85 0 0 106 1 0 935 0 0 726 0 0 694 1 0 601 0 1 996
 1 0 731 0 1 602 0 0 314 1 0 917 1 1 576 1 0 336 0 1 144 0 0 815 1 0 641 1 1
 159 0 1 382 1 1 731 0 1 169 1 1 468 1 0 361 1 1 515 1 0 668 1 1 637 1 1 242 0
 0 338 0 0 917 0 1 101 1 1 262 0 1 958 1 1 606 1 1 570 1 0 715 0 1 987 1 0 923
 0 0 289 0 0 241 0 0 163 1 0 363 1 0 79 1 1 813 0 1 587 1 0 139 1 1 729 1 0 573
 0 1 382 0 1 238 0 1 474 1 1 976 1 1 127 1 1 630 1 0 242 0 0 505 0 0 211 1 1
 926 0 0 455 0 0 663 1 0 769 0 1 538 0 1 293 0 0 125 1 1 67 0 1 776 1 1 616 1 0
 305 1 1 857 0 1 950 0 0 152 0 0 498 1 1 334 0 1 377 0 0 801 1 1 934 1 0 132 0
 1 52 1 1 403 1 0 232 1 0 306 0 1 721 0 0 612 0 0 907 1 1 12 0 1 458 1 0 657 1
 1 501 0 0 950 0 1 478 1 1 434 0 1 885 0 0 769 1 1 897 1 1 849 0 0 152 0 0 703
 0 0 356 1 0 41 1 1 387 0 1 744 1 1 916 1 1 457 1 1 880 0 0 707 1 0 13 0 0 311
 0 1 64 1 0 993 1 0 444 1 0 710 0 0 90 0 1 362 1 0 950 0 1 368 1 0 467 1 1 31 0
 0 126 1 1 581 1 1 605 0 1 863 0 0 853 1 1 234 0 1 477 0 1 737 0 0 750 0 0 288
 0 1 54 0 1 405 0 0 371 1 0 548 0 0 460 0 0 283 1 0 387 0 0 601 0 1 658 0 1 486
 0 1 89 1 1 75 0 1 947 0 0 80 1 1 591 0 1 756 1 1 659 1 1 279 1 0 789 1 0 430 0
 0 50 1 1 871 0 1 539 1 1 599 1 1 336 0 1 234 0 0 746 0 0 458 1 1 946 1 0 863 0
 1 281 1 0 562 1 0 144 0 0 228 1 1 996 0 0 299 0 1 339 0 1 288 1 0 217 1 0 32 1
 1 3 1 0 159 0 0 786 0 1 550 0 1 821 0 0 970 1 0 455 0 0 529 0 1 44 1 1 368 0 1
 203 1 0 25 0 0 71 0 0 392 0 1 47 1 0 107 1 0 813 0 1 943 0 0 976 0 1 455 1 1
 659 0 1 795 0 1 365 0 1 906 0 0 393 0 0 426 1 0 510 1 0 622 0 1 300 1 1 522 1
 0 939 0 0 434 1 1 401 0 1 765 0 0 720 0 1 454 1 0 38 1 0 147 0 0 34 1 0 120 1
 1 775 0 1 160 1 0 592 0 1 197 1 0 807 0 1 181 0 0 274 1 0 115 0 1 604 0 0 880
 1 1 347 1 0 666 1 1 137 1 1 569 1 0 40 0 1 116 0 0 646 0 1 271 1 1 282 0 0 779
 1 1 364 0 0 413 0 0 850 0 1 825 1 1 629 0 1 441 1 1 512 1 1 830 0 1 765 1 1
 690 1 0 91 0 1 996 1 1 798 1 1 990 1 1 531 0 1 730 0 1 127 0 0 60 0 1 620 0 1
 821 1 0 577 0 1 495 1 0 143 0 0 866 1 0 237 0 1 181 1 0 503 1 0 293 1 0 24 1 0
 47 0 0 334 0 0 974 0 1 880 0 1 308 0 1 426 1 1 102 1 1 774 0 0 100 1 0 962 0 0
 165 1 0 104 1 1 211 1 1 444 0 0 975 0 1 890 0 0 715 0 1 93 0 0 806 0 0 800 1 1
 939 1 0 732 0 0 488 0 1 0 0 1 377 1 1 206 1 1 321 0 1 602 1 0 162 1 0 764 1 1
 981 0 0 766 1 1 979 0 1 261 1 0 157 1 0 186 0 1 878 0 0 924 0 1 824 0 1 805 1
 0 871 0 0 674 1 1 555 0 0 229 0 1 830 1 0 72 1 0 396 1 1 591 0 1 954 1 0 494 1
 1 295 0 1 516 1 1 103 1 1 848 0 0 371 0 1 138 1 0 696 1 1 178 1 0 430 1 1 788
 1 1 196 0 1 659 0 1 846 1 1 497 1 0 921 0 0 859 1 1 258 1 1 304 1 0 505 1 1
 155 1 1 466 0 0 154 0 1 592 0 0 329 1 0 603 1 1 41 0 1 524 0 1 357 1 1 913 1 1
 516 0 1 645 1 0 324 0 1 792 0 0 779 1 1 546 0 0 413 0 0 227 0 0 978 0 1 899 1
 0 590 0 0 506 0 1 915 1 0 157 1 0 240 1 0 578 0 0 446 0 1 788 0 1 820 0 0 383
 1 0 562 0 0 548 1 1 656 1 1 765 0 1 670 0 1 801 1 1 310 1 1 930 0 1 404 0 1
 286 1 1 896 0 0 449 1 1 881 1 0 987 0 1 524 1 0 901 1 1 617 1 0 442 1 0 540 1
 1 524 0 1 534 0 1 245 0 1 481 1 0 466 1 0 61 1 0 591 0 0 629 1 1 554 0 1 432 0
 1 697 1 1 537 1 0 781 0 1 908 0 1 926 1 0 501 0 1 400 1 0 875 1 0 858 1 1 242
 0 1 293 1 0 249 0 0 653 1 1 694 0 1 637 0 0 210 0 0 878 0 0 272 1 0 544 1 0
 563 0 1 705 1 1 63 0 1 842 0 1 720 0 0 761 1 0 235 0 0 658 0 0 244 1 0 634 0 0
 368 1 1 103 1 0 99 0 1 941 0 0 573 1 0 301 1 0 999 0 0 445 0 1 712 0 1 642 1 1
 398 1 0 887 0 0 902 0 1 905 1 1 332 0 0 265 1 0 38 1 0 965 1 0 952 0 1 94 0 1
 407 0 1 712 0 1 405 0 0 450 0 1 981 1 0 100 0 0 783 0 0 231 0 1 269 1 1 330 0
 0 130 1 1 89 1 1 245 0 1 228 1 1 511 0 1 492 1 1 142 0 1 24 1 1 570 0 1 166 0
 1 714 0 0 514 0 0 987 1 0 784 0 0 312 1 1 418 1 1 143 0 1 726 0 0 368 1 1 799
 1 0 904 0 1 948 0 0 497 1 1 437 1 0 331 1 0 311 1 0 424 1 0 97 0 0 400 0 1 684
 0 1 89 1 1 500 1 0 581 0 1 506 0 1 286 0 0 358 1 0 663 1 0 493 1 0 842 0 0 862
 0 1 327 1 1 763 0 1 909 0 1 158 0 1 672 1 0 911 0 0 42 1 1 52 0 1 831 0 0 784
 1 0 197 0 0 10 1 1 673 1 0 483 0 1 918 0 0 166 0 0 327 0 0 840 0 1 986 1 0 134
 0 1 508 1 1 947 0 1 153 0 0 687 0 0 157 0 1 411 1 0 64 1 0 34 1 1 351 1 1 957
 1 1 84 0 1 27 1 1 581 0 0 198 1 1 947 0 1 589 0 1 798 0 0 194 0 0 879 1 0 181
 0 1 386 1 1 895 0 1 148 0 1 366 1 1 17 1 1 277 0 1 203 1 1 725 0 0 209 1 1 504
 1 0 576 1 1 281 0 1 43 0 1 989 0 1 99 0 1 176 1 1 979 1 0 868 1 0 97 0 1 634 0
 1 852 0 0 511 0 1 130 1 0 488 1 0 550 0 1 839 0 0 539 1 1 525 1 0 627 1 1 422
 0 1 20 0 0 144 1 0 900 0 1 648 0 0 82 0 0 456 0 1 489 1 1 117 0 1 531 0 0 205
 0 0 615 0 0 338 0 1 204 1 1 839 0 0 883 0 0 338 1 1 693 1 1 724 1 0 118 0 1
 618 0 0 530 0 1 44 1 0 479 1 1 735 1 1 400 0 1 942 0 0 789 0 1 534 1 1 774 0 0
 914 0 1 884 0 1 339 1 0 876 1 0 785 1 0 485 1 1 996 0 1 534 1 1 27 0 0 476 1 1
 33 1 0 660 1 0 904 0 1 279 1 1 724 0 0 753 0 0 485 1 1 326 1 0 729 1 0 903 0 0
 651 0 0 568 1 0 489 0 1 245 0 0 455 0 0 929 0 0 538 1 0 984 0 0 895 1 0 329 1
 1 168 0 0 266 1 1 463 0 0 436 1 1 120 0 0 596 1 0 785 0 1 769 1 1 500 1 1 279
 0 0 854 0 1 685 0 1 612 1 0 150 1 0 233 1 1 276 1 0 936 1 0 142 0 1 75 0 1 105
 1 0 326 0 1 890 1 0 97 0 1 571 1 1 390 0 1 925 1 0 48 1 1 884 0 0 527 0 0 393
 0 1 499 0 1 818 1 1 620 1 0 256 1 0 84 1 1 884 1 0 983 0 1 719 0 0 472 0 1 101
 1 0 95 0 1 372 1 0 177 1 0 385 0 0 225 0 1 497 0 0 871 1 1 691 0 0 642 1 0 210
 0 1 141 1 0 615 1 1 797 1 1 857 1 1 919 1 1 187 1 1 13 0 1 85 0 0 747 1 0 486
 0 0 484 1 0 200 0 1 875 0 1 9 0 1 928 1 1 501 0 0 623 1 0 878 0 1 311 1 1 480
 0 1 522 1 0 623 0 0 323 0 1 379 0 1 639 0 0 184 1 1 704 0 0 440 0 1 705 0 0
 770 0 1 348 1 0 375 1 0 809 1 0 932 0 1 714 1 0 578 0 0 693 1 0 989 1 0 485 1
 1 160 0 1 835 0 0 812 0 1 922 1 0 750 1 0 275 1 1 205 1 0 758 0 1 289 1 0 836
 1 0 347 1 0 248 0 1 945 0 0 59 0 0 582 0 1 820 0 1 704 1 1 986 0 0 424 1 0 324
 1 0 34 0 0 244 0 1 54 0 0 920 1 1 131 1 1 645 1 1 645 1 1 384 1 1 402 1 0 422
 1 1 811 1 0 779 0 0 842 1 1 406 0 1 32 1 1 992 1 0 126 0 0 163 1 1 245 0 0 285
 0 0 474 0 0 18 0 1 197 0 1 49 1 0 411 1 1 169 1 0 93 1 1 125 0 1 328 1 0 33 0
 0 685 1 0 453 0 0 368 1 0 812 0 1 148 1 0 859 1 0 327 0 1 490 1 1 313 0 1 244
 0 0 504 1 1 392 0 0 609 0 0 10 1 0 542 1 1 284 1 0 444 1 0 615 0 1 455 0 1 429
 0 0 757 0 1 248 0 0 909 1 0 17 1 1 150 1 0 726 0 0 131 1 1 179 0 1 949 1 1 326
 0 0 590 0 1 570 1 0 799 1 1 304 0 0 399 1 0 599 0 1 751 1 1 301 0 0 175 0 1
 407 0 1 851 1 0 901 1 0 993 1 1 916 1 0 610 1 0 661 0 0 610 0 1 264 0 1 278 0
 1 213 0 1 362 1 0 666 1 1 413 0 0 855 1 1 35 0 1 514 1 0 164 1 1 795 1 0 690 1
 0 121 1 0 827 1 0 76 1 0 843 1 1 930 1 1 500 0 1 519 1 0 521 1 0 937 1 1 447 1
 0 304 1 0 695 0 1 132 1 0 523 1 0 210 0 1 154 1 1 212 1 0 405 1 1 9 0 0 645 1
 1 69 1 1 977 0 1 509 1 0 301 1 1 589 1 1 628 0 1 476 0 1 22 1 1 727 1 1 348 0
 0 139 0 1 180 1 1 206 1 1 893 1 1 788 1 0 653 1 1 178 1 1 774 1 0 896 0 1 403
 0 0 979 0 1 543 0 1 869 0 0 641 0 1 704 1 1 868 0 1 710 1 0 529 0 1 192 1 0
 680 1 0 247 1 0 967 1 1 920 0 0 171 0 1 888 0 0 68 1 0 174 0 0 349 1 1 463 0 0
 231 1 0 558 0 1 778 1 0 140 1 1 462 0 0 526 1 1 573 1 1 341 0 1 424 1 1 531 1
 1 983 0 0 656 1 0 481 1 0 985 1 0 566 1 0 585 1 0 445 0 0 754 0 0 620 0 0 102
 0 0 354 1 0 29 0 1 260 1 1 982 1 0 139 0 1 638 0 0 677 1 0 95 0 1 752 0 1 985
 0 1 690 0 1 909 0 1 730 0 0 145 1 0 382 1 0 79 1 0 335 0 0 37 1 0 714 0 0 942
 0 1 394 1 1 203 0 1 114 0 0 684 1 1 851 0 0 532 0 1 180 0 1 123 1 0 21 1 1 22
 1 0 25 1 0 513 1 1 422 0 0 419 1 0 138 0 1 8 1 0 984 0 1 953 0 1 240 1 1 666 1
 0 797 1 0 742 0 0 569 1 0 409 1 0 445 0 1 271 1 0 306 0 0 765 1 0 554 1 1 136
 1 1 607 0 0 332 1 0 11 0 1 500 1 0 43 1 0 259 0 1 726 1 0 949 0 0 366 0 1 520
 0 0 789 1 0 563 1 0 466 1 0 253 0 0 31 0 0 492 0 0 317 0 0 816 1 1 971 0 1 463
 1 1 275 1 1 635 0 0 390 1 1 877 1 1 748 0 0 628 0 0 22 1 0 699 0 0 739 1 0 198
 1 1 281 1 1 57 0 0 849 0 0 894 1 0 213 0 1 837 1 1 190 1 1 934 1 0 939 1 1 557
 0 1 91 0 1 500 0 0 834 0 0 141 0 0 5 0 0 858 1 0 876 1 1 126 0 1 279 0 0 452 0
 0 764 0 1 245 1 0 287 1 0 295 0 1 764 1 0 761 1 1 536 0 1 929 1 0 5 1 0 390 1
 1 421 1 1 148 0 1 241 1 0 626 1 1 143 1 0 563 0 1 611 0 1 223 0 0 984 1 1 127
 0 0 699 1 1 593 1 1 717 1 1 247 0 1 887 0 1 97 0 1 205 1 0 902 1 0 377 0 0 481
 0 1 612 1 1 699 1 1 458 0 0 74 0 1 757 0 0 195 0 1 138 0 0 608 0 0 458 1 0 316
 1 1 4 0 0 498 1 0 453 0 0 336 1 1 162 0 1 381 0 1 640 0 1 632 1 0 884 1 0 702
 1 1 213 1 0 279 0 0 178 1 0 300 1 0 502 1 0 813 0 0 328 1 0 670 1 0 315 0 0
 261 1 1 51 0 1 456 1 0 81 0 1 441 1 0 547 0 1 384 0 0 744 1 0 974 1 1 435 1 1
 162 0 1 613 0 0 596 0 1 161 1 1 51 0 0 596 1 1 757 0 0 712 0 0 759 1 1 904 1 1
 272 1 0 288 1 0 559 0 0 238 0 0 30 1 1 105 1 0 272 1 0 477 1 1 399 1 0 346 1 0
 72 0 0 559 1 1 440 1 0 405 0 1 660 0 0 519 1 0 571 0 0 356 0 0 5 0 1 414 1 0
 262 1 1 873 0 1 615 1 1 493 0 1 536 1 1 6 1 1 570 0 0 879 0 0 882 1 0 95 1 1
 94 1 0 587 0 0 998 1 1 621 1 0 608 0 0 82 0 1 273 0 1 524 1 1 870 0 0 706 0 1
 163 1 1 973 0 0 394 0 1 543 0 1 784 1 0 34 0 0 436 1 0 523 1 0 626 1 0 675 0 0
 329 1 0 745 0 1 596 0 1 702 0 0 931 0 0 584 0 0 774 1 1 308 1 0 922 0 1 167 1
 0 891 1 1 111 1 0 838 0 1 680 1 1 961 0 0 78 0 1 820 1 1 814 0 0 18 0 1 935 1
 0 606 1 1 478 1 1 974 1 0 908 0 1 567 0 1 295 0 1 170 1 0 113 0 0 142 1 1 888
 1 0 961 0 1 372 1 0 455 1 1 649 0 0 732 0 0 249 1 0 382 1 1 954 1 0 681 1 1
 304 1 0 763 0 1 821 0 1 213 1 1 408 0 0 554 0 1 922 1 1 333 1 1 196 1 0 466 0
 1 818 0 0 154 0 0 741 0 0 823 1 0 545 0 1 118 0 1 818 0 0 490 0 1 572 0 1 258
 1 0 574 1 0 423 0 1 642 0 0 465 1 0 111 0 1 699 0 0 945 0 1 913 0 0 643 1 0
 136 1 1 292 1 0 656 0 1 996 1 0 584 0 1 710 0 1 877 0 1 595 0 0 561 0 0 604 1
 1 234 0 0 539 1 0 141 0 1 509 0 1 730 1 0 234 1 1 367 0 1 423 0 1 634 0 0 739
 1 1 571 1 1 975 0 0 899 0 1 138 1 1 258 1 0 473 1 1 550 1 0 12 0 1 496 0 0 488
 0 1 476 0 0 10 1 1 866 1 1 414 1 0 633 0 0 577 0 1 87 1 0 168 0 1 359 0 0 6 0
 1 70 0 1 970 0 1 227 1 0 404 1 1 207 1 0 305 0 0 342 0 1 566 0 1 104 1 0 203 0
 0 889 1 0 946 0 1 544 0 1 237 1 0 892 1 1 840 0 1 779 1 1 991 1 1 491 1 1 5 1
 1 270 0 0 984 1 0 90 1 0 641 0 0 464 1 0 474 0 0 217 0 0 960 1 1 323 1 0 652 0
 0 280 0 1 825 0 1 454 0 1 388 1 0 375 0 0 183 1 0 792 1 0 713 0 1 928 0 0 257
 0 1 300 0 1 212 0 1 975 0 1 516 0 0 782 1 0 614 0 0 594 1 0 758 1 0 274 1 1 11
 0 1 933 0 1 427 1 1 378 0 0 760 1 1 79 1 0 295 1 0 321 1 0 396 0 1 618 1 1 536
 1 0 932 0 1 937 1 1 408 0 1 711 1 1 859 0 0 472 0 0 650 1 0 779 1 0 805 0 0
 882 0 0 993 0 0 74 0 1 797 1 1 587 0 0 39 0 1 170 1 0 22 0 1 412 1 0 848 0 0
 802 0 0 188 1 1 118 1 0 467 0 0 467 0 0 606 1 1 765 0 0 512 0 1 715 0 1 838 1
 1 494 0 0 74 0 0 627 0 0 956 0 0 90 1 0 235 1 0 388 1 1 900 1 1 753 1 0 668 0
 1 101 1 1 482 0 1 176 0 1 817 1 1 689 0 0 452 1 0 710 0 1 251 0 0 267 0 1 593
 1 0 745 0 0 964 1 1 6 1 0 74 1 1 375 0 1 515 0 1 940 1 0 748 1 1 120 0 1 757 1
 1 98 0 1 428 1 0 89 0 1 101 0 1 759 0 1 524 0 1 644 0 0 964 1 0 655 1 0 540 1
 1 573 1 0 924 1 0 375 0 1 539 1 0 553 0 0 519 0 1 550 1 0 313 1 0 508 1 1 925
 1 1 583 1 1 864 0 1 313 0 1 789 1 1 71 0 0 230 1 1 919 0 1 253 1 1 507 0 0 890
 0 0 335 0 1 26 1 1 37 1 1 494 1 0 386 0 1 753 1 1 514 1 0 198 0 0 725 1 0 758
 1 0 875 0 0 333 0 0 325 0 0 491 1 0 997 1 1 806 1 0 517 0 0 197 1 0 88 0 0 589
 1 1 139 1 1 393 0 0 51 1 0 622 0 1 797 1 0 428 0 0 437 1 0 219 1 1 190 0 1 607
 0 1 812 1 0 848 1 1 464 0 0 462 0 0 15 1 0 595 1 0 412 1 1 478 0 1 214 0 0 734
 1 1 648 0 1 479 1 1 839 0 0 674 0 1 392 1 0 815 0 0 43 1 1 847 0 0 538 1 0 373
 0 0 670 1 0 772 1 0 290 0 0 275 0 0 55 0 0 866 0 1 659 0 1 607 0 1 603 1 1 67
 0 1 715 0 0 516 0 0 538 0 0 863 1 1 315 0 1 970 1 0 879 0 1 715 0 1 554 1 1
 889)
States: 1000

State   Read    Write   Move    Next-State
1       0       1       1       542
1       1       1       1       918
2       0       0       0       689
2       1       0       1       151
3       0       1       0       940
3       1       0       1       789
4       0       0       0       437
4       1       0       1       633
5       0       0       0       227
5       1       1       0       818
6       0       0       1       175
6       1       0       1       949
7       0       0       0       644
7       1       1       0       508
8       0       1       0       984
8       1       0       0       481
9       0       1       1       819
9       1       0       1       32
10      0       1       0       537
10      1       1       0       883
11      0       0       1       643
11      1       0       1       525
12      0       1       0       646
12      1       0       0       387
13      0       1       0       174
13      1       1       1       539
14      0       0       0       82
14      1       0       1       576
15      0       0       0       734
15      1       1       0       927
16      0       1       1       579
16      1       1       1       619
17      0       0       0       556
17      1       1       0       447
18      0       1       1       611
18      1       1       1       562
19      0       0       1       51
19      1       1       0       376
20      0       1       0       199
20      1       0       0       946
21      0       1       0       611
21      1       1       1       535
22      0       1       1       445
22      1       1       0       290
23      0       1       0       544
23      1       1       0       137
24      0       0       1       602
24      1       0       1       922
25      0       1       1       984
25      1       1       1       188
26      0       0       0       939
26      1       1       0       84
27      0       0       1       630
27      1       0       0       109
28      0       1       1       490
28      1       0       1       57
29      0       0       0       827
29      1       1       0       405
30      0       0       0       186
30      1       1       0       691
31      0       1       1       176
31      1       1       0       448
32      0       1       0       837
32      1       1       1       601
33      0       1       0       735
33      1       0       1       115
34      0       0       0       154
34      1       0       1       671
35      0       0       0       693
35      1       0       1       254
36      0       1       1       615
36      1       1       1       597
37      0       0       0       798
37      1       1       0       732
38      0       1       1       366
38      1       1       1       328
39      0       0       1       453
39      1       1       0       943
40      0       0       0       165
40      1       1       1       219
41      0       1       0       245
41      1       0       0       523
42      0       1       1       235
42      1       1       1       86
43      0       0       1       143
43      1       1       0       544
44      0       0       1       31
44      1       0       0       141
45      0       1       1       958
45      1       1       1       642
46      0       0       0       993
46      1       0       1       818
47      0       0       0       869
47      1       1       0       223
48      0       0       1       585
48      1       0       1       63
49      0       0       0       430
49      1       0       0       50
50      0       1       1       197
50      1       1       0       513
51      0       1       0       551
51      1       0       1       647
52      0       0       0       129
52      1       0       0       35
53      0       0       0       9
53      1       0       0       573
54      0       0       1       74
54      1       0       0       200
55      0       0       0       881
55      1       0       0       374
56      0       0       1       430
56      1       1       1       643
57      0       1       1       53
57      1       1       1       685
58      0       1       1       666
58      1       0       0       631
59      0       0       1       569
59      1       1       1       783
60      0       0       1       445
60      1       1       0       557
61      0       1       1       481
61      1       1       1       9
62      0       0       1       881
62      1       1       1       243
63      0       1       0       470
63      1       0       0       373
64      0       0       1       933
64      1       0       1       721
65      0       1       0       63
65      1       0       1       133
66      0       1       1       55
66      1       0       1       777
67      0       0       0       182
67      1       0       1       993
68      0       1       1       257
68      1       0       0       56
69      0       1       0       711
69      1       0       0       435
70      0       0       0       993
70      1       1       1       495
71      0       1       1       664
71      1       0       1       403
72      0       0       1       120
72      1       0       0       514
73      0       1       1       139
73      1       0       1       858
74      0       1       1       372
74      1       1       1       434
75      0       1       0       240
75      1       1       1       729
76      0       1       0       584
76      1       0       0       74
77      0       0       0       450
77      1       0       1       927
78      0       1       1       989
78      1       1       1       956
79      0       0       0       388
79      1       1       0       175
80      0       0       0       528
80      1       0       0       892
81      0       1       0       367
81      1       0       0       325
82      0       1       1       288
82      1       1       1       174
83      0       1       0       224
83      1       0       0       96
84      0       0       0       496
84      1       1       1       771
85      0       1       1       767
85      1       1       1       903
86      0       1       0       11
86      1       0       1       22
87      0       0       0       978
87      1       0       1       418
88      0       0       0       272
88      1       1       1       570
89      0       0       1       388
89      1       0       1       271
90      0       1       0       825
90      1       0       0       33
91      0       0       0       976
91      1       1       1       693
92      0       0       0       433
92      1       1       1       574
93      0       0       1       660
93      1       1       1       890
94      0       0       0       849
94      1       0       0       773
95      0       1       0       859
95      1       1       1       518
96      0       1       0       978
96      1       1       0       540
97      0       0       1       684
97      1       0       1       746
98      0       0       1       815
98      1       0       0       372
99      0       1       1       88
99      1       0       0       563
100     0       0       1       961
100     1       1       0       196
101     0       1       1       955
101     1       0       1       889
102     0       1       1       286
102     1       0       0       660
103     0       1       0       670
103     1       1       0       377
104     0       0       1       875
104     1       1       0       522
105     0       1       1       346
105     1       0       1       793
106     0       0       1       461
106     1       1       1       982
107     0       0       1       867
107     1       1       0       668
108     0       1       0       648
108     1       0       0       518
109     0       0       1       633
109     1       0       0       269
110     0       0       1       2
110     1       0       1       804
111     0       0       0       535
111     1       1       0       455
112     0       1       1       39
112     1       0       1       545
113     0       1       1       985
113     1       1       0       8
114     0       1       0       520
114     1       1       1       379
115     0       0       0       345
115     1       1       1       350
116     0       1       1       873
116     1       1       1       362
117     0       0       0       503
117     1       1       0       769
118     0       1       1       645
118     1       1       1       477
119     0       0       1       503
119     1       0       1       6
120     0       1       0       554
120     1       1       0       20
121     0       0       1       109
121     1       1       1       529
122     0       1       0       662
122     1       0       1       825
123     0       1       1       124
123     1       1       0       410
124     0       0       1       670
124     1       0       1       744
125     0       0       1       430
125     1       0       0       824
126     0       1       0       914
126     1       1       1       575
127     0       1       1       586
127     1       1       1       773
128     0       1       1       885
128     1       1       0       534
129     0       0       0       713
129     1       0       1       698
130     0       1       0       105
130     1       1       0       733
131     0       0       1       80
131     1       1       0       678
132     0       0       1       219
132     1       0       0       834
133     0       0       0       497
133     1       1       1       412
134     0       0       0       112
134     1       1       0       627
135     0       1       1       549
135     1       1       0       204
136     0       0       1       401
136     1       1       0       996
137     0       1       1       759
137     1       1       0       564
138     0       1       0       649
138     1       1       1       704
139     0       0       1       964
139     1       1       0       765
140     0       1       0       240
140     1       0       1       844
141     0       0       1       670
141     1       1       1       239
142     0       1       0       681
142     1       1       1       951
143     0       1       0       226
143     1       1       1       907
144     0       1       1       249
144     1       0       0       464
145     0       1       1       185
145     1       1       1       92
146     0       1       1       82
146     1       0       0       802
147     0       1       0       652
147     1       1       1       715
148     0       1       0       360
148     1       1       1       787
149     0       0       0       642
149     1       0       0       870
150     0       1       1       496
150     1       0       0       482
151     0       0       1       699
151     1       0       1       656
152     0       0       1       856
152     1       0       0       945
153     0       0       1       232
153     1       1       1       109
154     0       0       0       791
154     1       0       0       296
155     0       1       0       959
155     1       1       0       557
156     0       1       0       825
156     1       0       0       269
157     0       0       1       211
157     1       0       0       497
158     0       1       1       795
158     1       1       1       571
159     0       1       1       109
159     1       0       0       215
160     0       0       1       969
160     1       1       1       14
161     0       0       1       565
161     1       1       1       320
162     0       0       1       340
162     1       1       1       38
163     0       1       0       332
163     1       1       0       176
164     0       1       0       415
164     1       0       1       207
165     0       1       1       810
165     1       0       1       933
166     0       0       1       538
166     1       1       0       644
167     0       1       0       278
167     1       0       0       345
168     0       0       1       834
168     1       1       0       551
169     0       1       1       993
169     1       0       0       32
170     0       0       1       406
170     1       0       1       744
171     0       0       1       481
171     1       1       0       494
172     0       0       1       387
172     1       1       0       86
173     0       1       1       162
173     1       1       0       156
174     0       1       0       43
174     1       1       1       142
175     0       0       1       174
175     1       0       1       142
176     0       1       0       678
176     1       0       0       824
177     0       1       1       12
177     1       0       0       931
178     0       1       1       580
178     1       0       0       190
179     0       0       0       212
179     1       1       0       456
180     0       0       1       44
180     1       1       0       268
181     0       0       0       775
181     1       0       1       657
182     0       1       0       53
182     1       1       1       159
183     0       0       1       524
183     1       0       1       688
184     0       1       0       440
184     1       0       0       289
185     0       0       1       922
185     1       0       1       774
186     0       1       1       912
186     1       0       1       251
187     0       0       1       116
187     1       0       0       998
188     0       1       0       912
188     1       0       1       195
189     0       0       0       521
189     1       1       0       723
190     0       1       1       707
190     1       0       1       491
191     0       1       1       441
191     1       1       0       451
192     0       0       0       793
192     1       1       0       683
193     0       1       1       514
193     1       1       1       116
194     0       0       0       684
194     1       0       0       191
195     0       1       0       803
195     1       1       0       455
196     0       1       0       522
196     1       0       1       54
197     0       1       1       994
197     1       1       1       43
198     0       0       1       687
198     1       1       0       370
199     0       1       1       33
199     1       0       0       9
200     0       0       0       627
200     1       0       0       215
201     0       1       0       359
201     1       1       0       323
202     0       0       0       862
202     1       0       0       833
203     0       0       0       91
203     1       1       1       535
204     0       1       0       30
204     1       1       1       872
205     0       0       0       722
205     1       1       1       619
206     0       1       0       812
206     1       0       0       691
207     0       0       0       477
207     1       0       0       665
208     0       0       1       409
208     1       1       1       973
209     0       1       0       937
209     1       1       0       597
210     0       0       1       582
210     1       0       0       418
211     0       1       1       858
211     1       0       1       311
212     0       0       1       83
212     1       0       0       141
213     0       0       0       366
213     1       0       1       965
214     0       0       0       838
214     1       0       0       515
215     0       0       1       887
215     1       0       1       649
216     0       1       0       701
216     1       1       1       841
217     0       1       1       388
217     1       1       1       231
218     0       0       1       827
218     1       0       0       580
219     0       0       0       897
219     1       0       0       164
220     0       0       0       459
220     1       0       0       233
221     0       1       1       330
221     1       1       0       128
222     0       0       1       916
222     1       0       1       773
223     0       0       1       500
223     1       0       0       808
224     0       0       0       349
224     1       1       1       488
225     0       0       1       627
225     1       0       1       610
226     0       1       0       865
226     1       0       0       555
227     0       1       1       562
227     1       0       0       98
228     0       0       0       61
228     1       1       1       449
229     0       0       1       167
229     1       0       0       721
230     0       1       1       534
230     1       0       0       553
231     0       1       0       654
231     1       0       1       131
232     0       0       0       459
232     1       0       0       880
233     0       1       1       926
233     1       1       1       710
234     0       0       1       948
234     1       1       1       706
235     0       0       0       2
235     1       0       1       7
236     0       1       1       954
236     1       0       0       850
237     0       0       0       356
237     1       0       1       135
238     0       0       0       932
238     1       0       0       203
239     0       1       0       686
239     1       1       0       246
240     0       0       0       429
240     1       1       1       814
241     0       1       1       83
241     1       1       1       148
242     0       0       0       192
242     1       0       1       592
243     0       1       0       351
243     1       1       1       835
244     0       1       0       612
244     1       1       1       88
245     0       1       0       96
245     1       0       1       142
246     0       1       0       667
246     1       1       1       411
247     0       0       1       435
247     1       1       1       50
248     0       1       0       913
248     1       0       0       627
249     0       1       1       158
249     1       1       0       830
250     0       0       1       141
250     1       1       1       28
251     0       1       0       623
251     1       0       0       150
252     0       0       1       438
252     1       0       1       884
253     0       1       1       515
253     1       0       1       315
254     0       0       0       338
254     1       0       0       1
255     0       1       0       276
255     1       0       0       478
256     0       1       0       460
256     1       0       1       272
257     0       1       1       53
257     1       1       0       448
258     0       1       0       85
258     1       1       0       49
259     0       1       1       31
259     1       0       1       507
260     0       1       0       628
260     1       1       1       701
261     0       1       1       718
261     1       0       0       404
262     0       0       0       880
262     1       1       1       764
263     0       1       1       997
263     1       0       1       173
264     0       1       0       865
264     1       0       1       924
265     0       0       0       120
265     1       0       0       212
266     0       0       0       215
266     1       0       0       652
267     0       0       0       755
267     1       1       1       718
268     0       0       1       898
268     1       0       0       415
269     0       1       0       498
269     1       1       1       721
270     0       1       0       598
270     1       1       0       555
271     0       0       1       613
271     1       0       0       471
272     0       1       0       53
272     1       0       1       772
273     0       0       0       541
273     1       1       0       686
274     0       0       1       138
274     1       0       1       369
275     0       1       1       772
275     1       1       1       424
276     0       1       0       255
276     1       0       1       107
277     0       1       1       510
277     1       0       0       660
278     0       1       1       317
278     1       0       1       739
279     0       1       0       646
279     1       0       0       85
280     0       0       0       106
280     1       1       0       935
281     0       0       0       726
281     1       0       0       694
282     0       1       0       601
282     1       0       1       996
283     0       1       0       731
283     1       0       1       602
284     0       0       0       314
284     1       1       0       917
285     0       1       1       576
285     1       1       0       336
286     0       0       1       144
286     1       0       0       815
287     0       1       0       641
287     1       1       1       159
288     0       0       1       382
288     1       1       1       731
289     0       0       1       169
289     1       1       1       468
290     0       1       0       361
290     1       1       1       515
291     0       1       0       668
291     1       1       1       637
292     0       1       1       242
292     1       0       0       338
293     0       0       0       917
293     1       0       1       101
294     0       1       1       262
294     1       0       1       958
295     0       1       1       606
295     1       1       1       570
296     0       1       0       715
296     1       0       1       987
297     0       1       0       923
297     1       0       0       289
298     0       0       0       241
298     1       0       0       163
299     0       1       0       363
299     1       1       0       79
300     0       1       1       813
300     1       0       1       587
301     0       1       0       139
301     1       1       1       729
302     0       1       0       573
302     1       0       1       382
303     0       0       1       238
303     1       0       1       474
304     0       1       1       976
304     1       1       1       127
305     0       1       1       630
305     1       1       0       242
306     0       0       0       505
306     1       0       0       211
307     0       1       1       926
307     1       0       0       455
308     0       0       0       663
308     1       1       0       769
309     0       0       1       538
309     1       0       1       293
310     0       0       0       125
310     1       1       1       67
311     0       0       1       776
311     1       1       1       616
312     0       1       0       305
312     1       1       1       857
313     0       0       1       950
313     1       0       0       152
314     0       0       0       498
314     1       1       1       334
315     0       0       1       377
315     1       0       0       801
316     0       1       1       934
316     1       1       0       132
317     0       0       1       52
317     1       1       1       403
318     0       1       0       232
318     1       1       0       306
319     0       0       1       721
319     1       0       0       612
320     0       0       0       907
320     1       1       1       12
321     0       0       1       458
321     1       1       0       657
322     0       1       1       501
322     1       0       0       950
323     0       0       1       478
323     1       1       1       434
324     0       0       1       885
324     1       0       0       769
325     0       1       1       897
325     1       1       1       849
326     0       0       0       152
326     1       0       0       703
327     0       0       0       356
327     1       1       0       41
328     0       1       1       387
328     1       0       1       744
329     0       1       1       916
329     1       1       1       457
330     0       1       1       880
330     1       0       0       707
331     0       1       0       13
331     1       0       0       311
332     0       0       1       64
332     1       1       0       993
333     0       1       0       444
333     1       1       0       710
334     0       0       0       90
334     1       0       1       362
335     0       1       0       950
335     1       0       1       368
336     0       1       0       467
336     1       1       1       31
337     0       0       0       126
337     1       1       1       581
338     0       1       1       605
338     1       0       1       863
339     0       0       0       853
339     1       1       1       234
340     0       0       1       477
340     1       0       1       737
341     0       0       0       750
341     1       0       0       288
342     0       0       1       54
342     1       0       1       405
343     0       0       0       371
343     1       1       0       548
344     0       0       0       460
344     1       0       0       283
345     0       1       0       387
345     1       0       0       601
346     0       0       1       658
346     1       0       1       486
347     0       0       1       89
347     1       1       1       75
348     0       0       1       947
348     1       0       0       80
349     0       1       1       591
349     1       0       1       756
350     0       1       1       659
350     1       1       1       279
351     0       1       0       789
351     1       1       0       430
352     0       0       0       50
352     1       1       1       871
353     0       0       1       539
353     1       1       1       599
354     0       1       1       336
354     1       0       1       234
355     0       0       0       746
355     1       0       0       458
356     0       1       1       946
356     1       1       0       863
357     0       0       1       281
357     1       1       0       562
358     0       1       0       144
358     1       0       0       228
359     0       1       1       996
359     1       0       0       299
360     0       0       1       339
360     1       0       1       288
361     0       1       0       217
361     1       1       0       32
362     0       1       1       3
362     1       1       0       159
363     0       0       0       786
363     1       0       1       550
364     0       0       1       821
364     1       0       0       970
365     0       1       0       455
365     1       0       0       529
366     0       0       1       44
366     1       1       1       368
367     0       0       1       203
367     1       1       0       25
368     0       0       0       71
368     1       0       0       392
369     0       0       1       47
369     1       1       0       107
370     0       1       0       813
370     1       0       1       943
371     0       0       0       976
371     1       0       1       455
372     0       1       1       659
372     1       0       1       795
373     0       0       1       365
373     1       0       1       906
374     0       0       0       393
374     1       0       0       426
375     0       1       0       510
375     1       1       0       622
376     0       0       1       300
376     1       1       1       522
377     0       1       0       939
377     1       0       0       434
378     0       1       1       401
378     1       0       1       765
379     0       0       0       720
379     1       0       1       454
380     0       1       0       38
380     1       1       0       147
381     0       0       0       34
381     1       1       0       120
382     0       1       1       775
382     1       0       1       160
383     0       1       0       592
383     1       0       1       197
384     0       1       0       807
384     1       0       1       181
385     0       0       0       274
385     1       1       0       115
386     0       0       1       604
386     1       0       0       880
387     0       1       1       347
387     1       1       0       666
388     0       1       1       137
388     1       1       1       569
389     0       1       0       40
389     1       0       1       116
390     0       0       0       646
390     1       0       1       271
391     0       1       1       282
391     1       0       0       779
392     0       1       1       364
392     1       0       0       413
393     0       0       0       850
393     1       0       1       825
394     0       1       1       629
394     1       0       1       441
395     0       1       1       512
395     1       1       1       830
396     0       0       1       765
396     1       1       1       690
397     0       1       0       91
397     1       0       1       996
398     0       1       1       798
398     1       1       1       990
399     0       1       1       531
399     1       0       1       730
400     0       0       1       127
400     1       0       0       60
401     0       0       1       620
401     1       0       1       821
402     0       1       0       577
402     1       0       1       495
403     0       1       0       143
403     1       0       0       866
404     0       1       0       237
404     1       0       1       181
405     0       1       0       503
405     1       1       0       293
406     0       1       0       24
406     1       1       0       47
407     0       0       0       334
407     1       0       0       974
408     0       0       1       880
408     1       0       1       308
409     0       0       1       426
409     1       1       1       102
410     0       1       1       774
410     1       0       0       100
411     0       1       0       962
411     1       0       0       165
412     0       1       0       104
412     1       1       1       211
413     0       1       1       444
413     1       0       0       975
414     0       0       1       890
414     1       0       0       715
415     0       0       1       93
415     1       0       0       806
416     0       0       0       800
416     1       1       1       939
417     0       1       0       732
417     1       0       0       488
418     0       0       1       0
418     1       0       1       377
419     0       1       1       206
419     1       1       1       321
420     0       0       1       602
420     1       1       0       162
421     0       1       0       764
421     1       1       1       981
422     0       0       0       766
422     1       1       1       979
423     0       0       1       261
423     1       1       0       157
424     0       1       0       186
424     1       0       1       878
425     0       0       0       924
425     1       0       1       824
426     0       0       1       805
426     1       1       0       871
427     0       0       0       674
427     1       1       1       555
428     0       0       0       229
428     1       0       1       830
429     0       1       0       72
429     1       1       0       396
430     0       1       1       591
430     1       0       1       954
431     0       1       0       494
431     1       1       1       295
432     0       0       1       516
432     1       1       1       103
433     0       1       1       848
433     1       0       0       371
434     0       0       1       138
434     1       1       0       696
435     0       1       1       178
435     1       1       0       430
436     0       1       1       788
436     1       1       1       196
437     0       0       1       659
437     1       0       1       846
438     0       1       1       497
438     1       1       0       921
439     0       0       0       859
439     1       1       1       258
440     0       1       1       304
440     1       1       0       505
441     0       1       1       155
441     1       1       1       466
442     0       0       0       154
442     1       0       1       592
443     0       0       0       329
443     1       1       0       603
444     0       1       1       41
444     1       0       1       524
445     0       0       1       357
445     1       1       1       913
446     0       1       1       516
446     1       0       1       645
447     0       1       0       324
447     1       0       1       792
448     0       0       0       779
448     1       1       1       546
449     0       0       0       413
449     1       0       0       227
450     0       0       0       978
450     1       0       1       899
451     0       1       0       590
451     1       0       0       506
452     0       0       1       915
452     1       1       0       157
453     0       1       0       240
453     1       1       0       578
454     0       0       0       446
454     1       0       1       788
455     0       0       1       820
455     1       0       0       383
456     0       1       0       562
456     1       0       0       548
457     0       1       1       656
457     1       1       1       765
458     0       0       1       670
458     1       0       1       801
459     0       1       1       310
459     1       1       1       930
460     0       0       1       404
460     1       0       1       286
461     0       1       1       896
461     1       0       0       449
462     0       1       1       881
462     1       1       0       987
463     0       0       1       524
463     1       1       0       901
464     0       1       1       617
464     1       1       0       442
465     0       1       0       540
465     1       1       1       524
466     0       0       1       534
466     1       0       1       245
467     0       0       1       481
467     1       1       0       466
468     0       1       0       61
468     1       1       0       591
469     0       0       0       629
469     1       1       1       554
470     0       0       1       432
470     1       0       1       697
471     0       1       1       537
471     1       1       0       781
472     0       0       1       908
472     1       0       1       926
473     0       1       0       501
473     1       0       1       400
474     0       1       0       875
474     1       1       0       858
475     0       1       1       242
475     1       0       1       293
476     0       1       0       249
476     1       0       0       653
477     0       1       1       694
477     1       0       1       637
478     0       0       0       210
478     1       0       0       878
479     0       0       0       272
479     1       1       0       544
480     0       1       0       563
480     1       0       1       705
481     0       1       1       63
481     1       0       1       842
482     0       0       1       720
482     1       0       0       761
483     0       1       0       235
483     1       0       0       658
484     0       0       0       244
484     1       1       0       634
485     0       0       0       368
485     1       1       1       103
486     0       1       0       99
486     1       0       1       941
487     0       0       0       573
487     1       1       0       301
488     0       1       0       999
488     1       0       0       445
489     0       0       1       712
489     1       0       1       642
490     0       1       1       398
490     1       1       0       887
491     0       0       0       902
491     1       0       1       905
492     0       1       1       332
492     1       0       0       265
493     0       1       0       38
493     1       1       0       965
494     0       1       0       952
494     1       0       1       94
495     0       0       1       407
495     1       0       1       712
496     0       0       1       405
496     1       0       0       450
497     0       0       1       981
497     1       1       0       100
498     0       0       0       783
498     1       0       0       231
499     0       0       1       269
499     1       1       1       330
500     0       0       0       130
500     1       1       1       89
501     0       1       1       245
501     1       0       1       228
502     0       1       1       511
502     1       0       1       492
503     0       1       1       142
503     1       0       1       24
504     0       1       1       570
504     1       0       1       166
505     0       0       1       714
505     1       0       0       514
506     0       0       0       987
506     1       1       0       784
507     0       0       0       312
507     1       1       1       418
508     0       1       1       143
508     1       0       1       726
509     0       0       0       368
509     1       1       1       799
510     0       1       0       904
510     1       0       1       948
511     0       0       0       497
511     1       1       1       437
512     0       1       0       331
512     1       1       0       311
513     0       1       0       424
513     1       1       0       97
514     0       0       0       400
514     1       0       1       684
515     0       0       1       89
515     1       1       1       500
516     0       1       0       581
516     1       0       1       506
517     0       0       1       286
517     1       0       0       358
518     0       1       0       663
518     1       1       0       493
519     0       1       0       842
519     1       0       0       862
520     0       0       1       327
520     1       1       1       763
521     0       0       1       909
521     1       0       1       158
522     0       0       1       672
522     1       1       0       911
523     0       0       0       42
523     1       1       1       52
524     0       0       1       831
524     1       0       0       784
525     0       1       0       197
525     1       0       0       10
526     0       1       1       673
526     1       1       0       483
527     0       0       1       918
527     1       0       0       166
528     0       0       0       327
528     1       0       0       840
529     0       0       1       986
529     1       1       0       134
530     0       0       1       508
530     1       1       1       947
531     0       0       1       153
531     1       0       0       687
532     0       0       0       157
532     1       0       1       411
533     0       1       0       64
533     1       1       0       34
534     0       1       1       351
534     1       1       1       957
535     0       1       1       84
535     1       0       1       27
536     0       1       1       581
536     1       0       0       198
537     0       1       1       947
537     1       0       1       589
538     0       0       1       798
538     1       0       0       194
539     0       0       0       879
539     1       1       0       181
540     0       0       1       386
540     1       1       1       895
541     0       0       1       148
541     1       0       1       366
542     0       1       1       17
542     1       1       1       277
543     0       0       1       203
543     1       1       1       725
544     0       0       0       209
544     1       1       1       504
545     0       1       0       576
545     1       1       1       281
546     0       0       1       43
546     1       0       1       989
547     0       0       1       99
547     1       0       1       176
548     0       1       1       979
548     1       1       0       868
549     0       1       0       97
549     1       0       1       634
550     0       0       1       852
550     1       0       0       511
551     0       0       1       130
551     1       1       0       488
552     0       1       0       550
552     1       0       1       839
553     0       0       0       539
553     1       1       1       525
554     0       1       0       627
554     1       1       1       422
555     0       0       1       20
555     1       0       0       144
556     0       1       0       900
556     1       0       1       648
557     0       0       0       82
557     1       0       0       456
558     0       0       1       489
558     1       1       1       117
559     0       0       1       531
559     1       0       0       205
560     0       0       0       615
560     1       0       0       338
561     0       0       1       204
561     1       1       1       839
562     0       0       0       883
562     1       0       0       338
563     0       1       1       693
563     1       1       1       724
564     0       1       0       118
564     1       0       1       618
565     0       0       0       530
565     1       0       1       44
566     0       1       0       479
566     1       1       1       735
567     0       1       1       400
567     1       0       1       942
568     0       0       0       789
568     1       0       1       534
569     0       1       1       774
569     1       0       0       914
570     0       0       1       884
570     1       0       1       339
571     0       1       0       876
571     1       1       0       785
572     0       1       0       485
572     1       1       1       996
573     0       0       1       534
573     1       1       1       27
574     0       0       0       476
574     1       1       1       33
575     0       1       0       660
575     1       1       0       904
576     0       0       1       279
576     1       1       1       724
577     0       0       0       753
577     1       0       0       485
578     0       1       1       326
578     1       1       0       729
579     0       1       0       903
579     1       0       0       651
580     0       0       0       568
580     1       1       0       489
581     0       0       1       245
581     1       0       0       455
582     0       0       0       929
582     1       0       0       538
583     0       1       0       984
583     1       0       0       895
584     0       1       0       329
584     1       1       1       168
585     0       0       0       266
585     1       1       1       463
586     0       0       0       436
586     1       1       1       120
587     0       0       0       596
587     1       1       0       785
588     0       0       1       769
588     1       1       1       500
589     0       1       1       279
589     1       0       0       854
590     0       0       1       685
590     1       0       1       612
591     0       1       0       150
591     1       1       0       233
592     0       1       1       276
592     1       1       0       936
593     0       1       0       142
593     1       0       1       75
594     0       0       1       105
594     1       1       0       326
595     0       0       1       890
595     1       1       0       97
596     0       0       1       571
596     1       1       1       390
597     0       0       1       925
597     1       1       0       48
598     0       1       1       884
598     1       0       0       527
599     0       0       0       393
599     1       0       1       499
600     0       0       1       818
600     1       1       1       620
601     0       1       0       256
601     1       1       0       84
602     0       1       1       884
602     1       1       0       983
603     0       0       1       719
603     1       0       0       472
604     0       0       1       101
604     1       1       0       95
605     0       0       1       372
605     1       1       0       177
606     0       1       0       385
606     1       0       0       225
607     0       0       1       497
607     1       0       0       871
608     0       1       1       691
608     1       0       0       642
609     0       1       0       210
609     1       0       1       141
610     0       1       0       615
610     1       1       1       797
611     0       1       1       857
611     1       1       1       919
612     0       1       1       187
612     1       1       1       13
613     0       0       1       85
613     1       0       0       747
614     0       1       0       486
614     1       0       0       484
615     0       1       0       200
615     1       0       1       875
616     0       0       1       9
616     1       0       1       928
617     0       1       1       501
617     1       0       0       623
618     0       1       0       878
618     1       0       1       311
619     0       1       1       480
619     1       0       1       522
620     0       1       0       623
620     1       0       0       323
621     0       0       1       379
621     1       0       1       639
622     0       0       0       184
622     1       1       1       704
623     0       0       0       440
623     1       0       1       705
624     0       0       0       770
624     1       0       1       348
625     0       1       0       375
625     1       1       0       809
626     0       1       0       932
626     1       0       1       714
627     0       1       0       578
627     1       0       0       693
628     0       1       0       989
628     1       1       0       485
629     0       1       1       160
629     1       0       1       835
630     0       0       0       812
630     1       0       1       922
631     0       1       0       750
631     1       1       0       275
632     0       1       1       205
632     1       1       0       758
633     0       0       1       289
633     1       1       0       836
634     0       1       0       347
634     1       1       0       248
635     0       0       1       945
635     1       0       0       59
636     0       0       0       582
636     1       0       1       820
637     0       0       1       704
637     1       1       1       986
638     0       0       0       424
638     1       1       0       324
639     0       1       0       34
639     1       0       0       244
640     0       0       1       54
640     1       0       0       920
641     0       1       1       131
641     1       1       1       645
642     0       1       1       645
642     1       1       1       384
643     0       1       1       402
643     1       1       0       422
644     0       1       1       811
644     1       1       0       779
645     0       0       0       842
645     1       1       1       406
646     0       0       1       32
646     1       1       1       992
647     0       1       0       126
647     1       0       0       163
648     0       1       1       245
648     1       0       0       285
649     0       0       0       474
649     1       0       0       18
650     0       0       1       197
650     1       0       1       49
651     0       1       0       411
651     1       1       1       169
652     0       1       0       93
652     1       1       1       125
653     0       0       1       328
653     1       1       0       33
654     0       0       0       685
654     1       1       0       453
655     0       0       0       368
655     1       1       0       812
656     0       0       1       148
656     1       1       0       859
657     0       1       0       327
657     1       0       1       490
658     0       1       1       313
658     1       0       1       244
659     0       0       0       504
659     1       1       1       392
660     0       0       0       609
660     1       0       0       10
661     0       1       0       542
661     1       1       1       284
662     0       1       0       444
662     1       1       0       615
663     0       0       1       455
663     1       0       1       429
664     0       0       0       757
664     1       0       1       248
665     0       0       0       909
665     1       1       0       17
666     0       1       1       150
666     1       1       0       726
667     0       0       0       131
667     1       1       1       179
668     0       0       1       949
668     1       1       1       326
669     0       0       0       590
669     1       0       1       570
670     0       1       0       799
670     1       1       1       304
671     0       0       0       399
671     1       1       0       599
672     0       0       1       751
672     1       1       1       301
673     0       0       0       175
673     1       0       1       407
674     0       0       1       851
674     1       1       0       901
675     0       1       0       993
675     1       1       1       916
676     0       1       0       610
676     1       1       0       661
677     0       0       0       610
677     1       0       1       264
678     0       0       1       278
678     1       0       1       213
679     0       0       1       362
679     1       1       0       666
680     0       1       1       413
680     1       0       0       855
681     0       1       1       35
681     1       0       1       514
682     0       1       0       164
682     1       1       1       795
683     0       1       0       690
683     1       1       0       121
684     0       1       0       827
684     1       1       0       76
685     0       1       0       843
685     1       1       1       930
686     0       1       1       500
686     1       0       1       519
687     0       1       0       521
687     1       1       0       937
688     0       1       1       447
688     1       1       0       304
689     0       1       0       695
689     1       0       1       132
690     0       1       0       523
690     1       1       0       210
691     0       0       1       154
691     1       1       1       212
692     0       1       0       405
692     1       1       1       9
693     0       0       0       645
693     1       1       1       69
694     0       1       1       977
694     1       0       1       509
695     0       1       0       301
695     1       1       1       589
696     0       1       1       628
696     1       0       1       476
697     0       0       1       22
697     1       1       1       727
698     0       1       1       348
698     1       0       0       139
699     0       0       1       180
699     1       1       1       206
700     0       1       1       893
700     1       1       1       788
701     0       1       0       653
701     1       1       1       178
702     0       1       1       774
702     1       1       0       896
703     0       0       1       403
703     1       0       0       979
704     0       0       1       543
704     1       0       1       869
705     0       0       0       641
705     1       0       1       704
706     0       1       1       868
706     1       0       1       710
707     0       1       0       529
707     1       0       1       192
708     0       1       0       680
708     1       1       0       247
709     0       1       0       967
709     1       1       1       920
710     0       0       0       171
710     1       0       1       888
711     0       0       0       68
711     1       1       0       174
712     0       0       0       349
712     1       1       1       463
713     0       0       0       231
713     1       1       0       558
714     0       0       1       778
714     1       1       0       140
715     0       1       1       462
715     1       0       0       526
716     0       1       1       573
716     1       1       1       341
717     0       0       1       424
717     1       1       1       531
718     0       1       1       983
718     1       0       0       656
719     0       1       0       481
719     1       1       0       985
720     0       1       0       566
720     1       1       0       585
721     0       1       0       445
721     1       0       0       754
722     0       0       0       620
722     1       0       0       102
723     0       0       0       354
723     1       1       0       29
724     0       0       1       260
724     1       1       1       982
725     0       1       0       139
725     1       0       1       638
726     0       0       0       677
726     1       1       0       95
727     0       0       1       752
727     1       0       1       985
728     0       0       1       690
728     1       0       1       909
729     0       0       1       730
729     1       0       0       145
730     0       1       0       382
730     1       1       0       79
731     0       1       0       335
731     1       0       0       37
732     0       1       0       714
732     1       0       0       942
733     0       0       1       394
733     1       1       1       203
734     0       0       1       114
734     1       0       0       684
735     0       1       1       851
735     1       0       0       532
736     0       0       1       180
736     1       0       1       123
737     0       1       0       21
737     1       1       1       22
738     0       1       0       25
738     1       1       0       513
739     0       1       1       422
739     1       0       0       419
740     0       1       0       138
740     1       0       1       8
741     0       1       0       984
741     1       0       1       953
742     0       0       1       240
742     1       1       1       666
743     0       1       0       797
743     1       1       0       742
744     0       0       0       569
744     1       1       0       409
745     0       1       0       445
745     1       0       1       271
746     0       1       0       306
746     1       0       0       765
747     0       1       0       554
747     1       1       1       136
748     0       1       1       607
748     1       0       0       332
749     0       1       0       11
749     1       0       1       500
750     0       1       0       43
750     1       1       0       259
751     0       0       1       726
751     1       1       0       949
752     0       0       0       366
752     1       0       1       520
753     0       0       0       789
753     1       1       0       563
754     0       1       0       466
754     1       1       0       253
755     0       0       0       31
755     1       0       0       492
756     0       0       0       317
756     1       0       0       816
757     0       1       1       971
757     1       0       1       463
758     0       1       1       275
758     1       1       1       635
759     0       0       0       390
759     1       1       1       877
760     0       1       1       748
760     1       0       0       628
761     0       0       0       22
761     1       1       0       699
762     0       0       0       739
762     1       1       0       198
763     0       1       1       281
763     1       1       1       57
764     0       0       0       849
764     1       0       0       894
765     0       1       0       213
765     1       0       1       837
766     0       1       1       190
766     1       1       1       934
767     0       1       0       939
767     1       1       1       557
768     0       0       1       91
768     1       0       1       500
769     0       0       0       834
769     1       0       0       141
770     0       0       0       5
770     1       0       0       858
771     0       1       0       876
771     1       1       1       126
772     0       0       1       279
772     1       0       0       452
773     0       0       0       764
773     1       0       1       245
774     0       1       0       287
774     1       1       0       295
775     0       0       1       764
775     1       1       0       761
776     0       1       1       536
776     1       0       1       929
777     0       1       0       5
777     1       1       0       390
778     0       1       1       421
778     1       1       1       148
779     0       0       1       241
779     1       1       0       626
780     0       1       1       143
780     1       1       0       563
781     0       0       1       611
781     1       0       1       223
782     0       0       0       984
782     1       1       1       127
783     0       0       0       699
783     1       1       1       593
784     0       1       1       717
784     1       1       1       247
785     0       0       1       887
785     1       0       1       97
786     0       0       1       205
786     1       1       0       902
787     0       1       0       377
787     1       0       0       481
788     0       0       1       612
788     1       1       1       699
789     0       1       1       458
789     1       0       0       74
790     0       0       1       757
790     1       0       0       195
791     0       0       1       138
791     1       0       0       608
792     0       0       0       458
792     1       1       0       316
793     0       1       1       4
793     1       0       0       498
794     0       1       0       453
794     1       0       0       336
795     0       1       1       162
795     1       0       1       381
796     0       0       1       640
796     1       0       1       632
797     0       1       0       884
797     1       1       0       702
798     0       1       1       213
798     1       1       0       279
799     0       0       0       178
799     1       1       0       300
800     0       1       0       502
800     1       1       0       813
801     0       0       0       328
801     1       1       0       670
802     0       1       0       315
802     1       0       0       261
803     0       1       1       51
803     1       0       1       456
804     0       1       0       81
804     1       0       1       441
805     0       1       0       547
805     1       0       1       384
806     0       0       0       744
806     1       1       0       974
807     0       1       1       435
807     1       1       1       162
808     0       0       1       613
808     1       0       0       596
809     0       0       1       161
809     1       1       1       51
810     0       0       0       596
810     1       1       1       757
811     0       0       0       712
811     1       0       0       759
812     0       1       1       904
812     1       1       1       272
813     0       1       0       288
813     1       1       0       559
814     0       0       0       238
814     1       0       0       30
815     0       1       1       105
815     1       1       0       272
816     0       1       0       477
816     1       1       1       399
817     0       1       0       346
817     1       1       0       72
818     0       0       0       559
818     1       1       1       440
819     0       1       0       405
819     1       0       1       660
820     0       0       0       519
820     1       1       0       571
821     0       0       0       356
821     1       0       0       5
822     0       0       1       414
822     1       1       0       262
823     0       1       1       873
823     1       0       1       615
824     0       1       1       493
824     1       0       1       536
825     0       1       1       6
825     1       1       1       570
826     0       0       0       879
826     1       0       0       882
827     0       1       0       95
827     1       1       1       94
828     0       1       0       587
828     1       0       0       998
829     0       1       1       621
829     1       1       0       608
830     0       0       0       82
830     1       0       1       273
831     0       0       1       524
831     1       1       1       870
832     0       0       0       706
832     1       0       1       163
833     0       1       1       973
833     1       0       0       394
834     0       0       1       543
834     1       0       1       784
835     0       1       0       34
835     1       0       0       436
836     0       1       0       523
836     1       1       0       626
837     0       1       0       675
837     1       0       0       329
838     0       1       0       745
838     1       0       1       596
839     0       0       1       702
839     1       0       0       931
840     0       0       0       584
840     1       0       0       774
841     0       1       1       308
841     1       1       0       922
842     0       0       1       167
842     1       1       0       891
843     0       1       1       111
843     1       1       0       838
844     0       0       1       680
844     1       1       1       961
845     0       0       0       78
845     1       0       1       820
846     0       1       1       814
846     1       0       0       18
847     0       0       1       935
847     1       1       0       606
848     0       1       1       478
848     1       1       1       974
849     0       1       0       908
849     1       0       1       567
850     0       0       1       295
850     1       0       1       170
851     0       1       0       113
851     1       0       0       142
852     0       1       1       888
852     1       1       0       961
853     0       0       1       372
853     1       1       0       455
854     0       1       1       649
854     1       0       0       732
855     0       0       0       249
855     1       1       0       382
856     0       1       1       954
856     1       1       0       681
857     0       1       1       304
857     1       1       0       763
858     0       0       1       821
858     1       0       1       213
859     0       1       1       408
859     1       0       0       554
860     0       0       1       922
860     1       1       1       333
861     0       1       1       196
861     1       1       0       466
862     0       0       1       818
862     1       0       0       154
863     0       0       0       741
863     1       0       0       823
864     0       1       0       545
864     1       0       1       118
865     0       0       1       818
865     1       0       0       490
866     0       0       1       572
866     1       0       1       258
867     0       1       0       574
867     1       1       0       423
868     0       0       1       642
868     1       0       0       465
869     0       1       0       111
869     1       0       1       699
870     0       0       0       945
870     1       0       1       913
871     0       0       0       643
871     1       1       0       136
872     0       1       1       292
872     1       1       0       656
873     0       0       1       996
873     1       1       0       584
874     0       0       1       710
874     1       0       1       877
875     0       0       1       595
875     1       0       0       561
876     0       0       0       604
876     1       1       1       234
877     0       0       0       539
877     1       1       0       141
878     0       0       1       509
878     1       0       1       730
879     0       1       0       234
879     1       1       1       367
880     0       0       1       423
880     1       0       1       634
881     0       0       0       739
881     1       1       1       571
882     0       1       1       975
882     1       0       0       899
883     0       0       1       138
883     1       1       1       258
884     0       1       0       473
884     1       1       1       550
885     0       1       0       12
885     1       0       1       496
886     0       0       0       488
886     1       0       1       476
887     0       0       0       10
887     1       1       1       866
888     0       1       1       414
888     1       1       0       633
889     0       0       0       577
889     1       0       1       87
890     0       1       0       168
890     1       0       1       359
891     0       0       0       6
891     1       0       1       70
892     0       0       1       970
892     1       0       1       227
893     0       1       0       404
893     1       1       1       207
894     0       1       0       305
894     1       0       0       342
895     0       0       1       566
895     1       0       1       104
896     0       1       0       203
896     1       0       0       889
897     0       1       0       946
897     1       0       1       544
898     0       0       1       237
898     1       1       0       892
899     0       1       1       840
899     1       0       1       779
900     0       1       1       991
900     1       1       1       491
901     0       1       1       5
901     1       1       1       270
902     0       0       0       984
902     1       1       0       90
903     0       1       0       641
903     1       0       0       464
904     0       1       0       474
904     1       0       0       217
905     0       0       0       960
905     1       1       1       323
906     0       1       0       652
906     1       0       0       280
907     0       0       1       825
907     1       0       1       454
908     0       0       1       388
908     1       1       0       375
909     0       0       0       183
909     1       1       0       792
910     0       1       0       713
910     1       0       1       928
911     0       0       0       257
911     1       0       1       300
912     0       0       1       212
912     1       0       1       975
913     0       0       1       516
913     1       0       0       782
914     0       1       0       614
914     1       0       0       594
915     0       1       0       758
915     1       1       0       274
916     0       1       1       11
916     1       0       1       933
917     0       0       1       427
917     1       1       1       378
918     0       0       0       760
918     1       1       1       79
919     0       1       0       295
919     1       1       0       321
920     0       1       0       396
920     1       0       1       618
921     0       1       1       536
921     1       1       0       932
922     0       0       1       937
922     1       1       1       408
923     0       0       1       711
923     1       1       1       859
924     0       0       0       472
924     1       0       0       650
925     0       1       0       779
925     1       1       0       805
926     0       0       0       882
926     1       0       0       993
927     0       0       0       74
927     1       0       1       797
928     0       1       1       587
928     1       0       0       39
929     0       0       1       170
929     1       1       0       22
930     0       0       1       412
930     1       1       0       848
931     0       0       0       802
931     1       0       0       188
932     0       1       1       118
932     1       1       0       467
933     0       0       0       467
933     1       0       0       606
934     0       1       1       765
934     1       0       0       512
935     0       0       1       715
935     1       0       1       838
936     0       1       1       494
936     1       0       0       74
937     0       0       0       627
937     1       0       0       956
938     0       0       0       90
938     1       1       0       235
939     0       1       0       388
939     1       1       1       900
940     0       1       1       753
940     1       1       0       668
941     0       0       1       101
941     1       1       1       482
942     0       0       1       176
942     1       0       1       817
943     0       1       1       689
943     1       0       0       452
944     0       1       0       710
944     1       0       1       251
945     0       0       0       267
945     1       0       1       593
946     0       1       0       745
946     1       0       0       964
947     0       1       1       6
947     1       1       0       74
948     0       1       1       375
948     1       0       1       515
949     0       0       1       940
949     1       1       0       748
950     0       1       1       120
950     1       0       1       757
951     0       1       1       98
951     1       0       1       428
952     0       1       0       89
952     1       0       1       101
953     0       0       1       759
953     1       0       1       524
954     0       0       1       644
954     1       0       0       964
955     0       1       0       655
955     1       1       0       540
956     0       1       1       573
956     1       1       0       924
957     0       1       0       375
957     1       0       1       539
958     0       1       0       553
958     1       0       0       519
959     0       0       1       550
959     1       1       0       313
960     0       1       0       508
960     1       1       1       925
961     0       1       1       583
961     1       1       1       864
962     0       0       1       313
962     1       0       1       789
963     0       1       1       71
963     1       0       0       230
964     0       1       1       919
964     1       0       1       253
965     0       1       1       507
965     1       0       0       890
966     0       0       0       335
966     1       0       1       26
967     0       1       1       37
967     1       1       1       494
968     0       1       0       386
968     1       0       1       753
969     0       1       1       514
969     1       1       0       198
970     0       0       0       725
970     1       1       0       758
971     0       1       0       875
971     1       0       0       333
972     0       0       0       325
972     1       0       0       491
973     0       1       0       997
973     1       1       1       806
974     0       1       0       517
974     1       0       0       197
975     0       1       0       88
975     1       0       0       589
976     0       1       1       139
976     1       1       1       393
977     0       0       0       51
977     1       1       0       622
978     0       0       1       797
978     1       1       0       428
979     0       0       0       437
979     1       1       0       219
980     0       1       1       190
980     1       0       1       607
981     0       0       1       812
981     1       1       0       848
982     0       1       1       464
982     1       0       0       462
983     0       0       0       15
983     1       1       0       595
984     0       1       0       412
984     1       1       1       478
985     0       0       1       214
985     1       0       0       734
986     0       1       1       648
986     1       0       1       479
987     0       1       1       839
987     1       0       0       674
988     0       0       1       392
988     1       1       0       815
989     0       0       0       43
989     1       1       1       847
990     0       0       0       538
990     1       1       0       373
991     0       0       0       670
991     1       1       0       772
992     0       1       0       290
992     1       0       0       275
993     0       0       0       55
993     1       0       0       866
994     0       0       1       659
994     1       0       1       607
995     0       0       1       603
995     1       1       1       67
996     0       0       1       715
996     1       0       0       516
997     0       0       0       538
997     1       0       0       863
998     0       1       1       315
998     1       0       1       970
999     0       1       0       879
999     1       0       1       715
1000    0       0       1       554
1000    1       1       1       889

Fitness Score       : 55168.125
Halted              : T
Sigma               : 16
Shifts              : 454
Last State          : 0
Last Position       : 6
Length Traversed    : 32
Avg Block Size      : 1.7777778
Max Block Size      : 4
Condensed Tape: (2 1 4 1 1 1 1 2 3)
**************************************************
