
******** Search completed in 126.481 secs ********

Population size  : 150
Generations      : 20
Mutation Rate    : 1/5
Machine States   : 1000
Shift Limit      : 1000
Fitness weights: 
  Weight a   : 1/5
  Weight b   : 1/2
  Weight c   : 1/5
  Weight d   : 1/3
  Weight e   : 1200
  Weight f   : 1/5
  Weight g   : 1/3
  Weight h   : 60
  Weight i   : 700

**************************************************


******************* best fit *********************
Machine #: (1 1 1 0 1 692 0 0 908 0 0 652 1 1 704 1 0 248 0 0 784 1 1 407 0 0 84 0 1 792 1
 0 758 1 0 545 1 1 743 1 0 341 1 1 67 0 0 960 0 1 48 0 0 773 1 1 754 0 0 944 1
 0 729 0 0 746 1 0 21 0 0 900 1 0 600 1 0 558 0 1 316 1 0 369 1 0 784 1 0 122 0
 0 753 0 0 164 0 0 797 0 1 453 0 1 173 1 0 587 0 1 134 1 1 576 1 1 380 1 0 528
 1 0 338 1 1 846 0 0 805 0 0 536 1 0 837 0 1 147 0 0 863 1 0 912 1 1 301 0 0
 280 0 0 227 0 1 785 0 0 429 1 0 124 0 1 318 0 1 703 1 0 298 1 1 514 0 0 155 1
 1 287 0 1 264 0 0 654 1 1 559 0 0 299 1 1 935 1 0 889 1 0 803 1 1 171 0 0 861
 1 1 65 0 0 142 0 0 958 0 1 723 1 0 310 1 0 466 1 1 995 0 0 471 1 0 827 0 1 910
 1 0 55 0 1 766 0 1 633 0 1 287 0 1 994 0 1 981 0 0 817 1 1 575 0 0 490 0 0 270
 1 1 473 0 0 177 1 0 197 1 1 536 1 1 185 1 0 166 1 0 637 0 1 317 1 0 834 1 0
 750 1 1 581 1 1 862 1 0 492 0 0 413 0 0 907 1 0 973 0 1 346 1 0 147 0 1 508 1
 0 908 1 1 26 0 1 481 1 0 422 1 0 130 0 0 58 0 1 574 0 1 992 1 0 221 1 1 439 1
 1 785 1 1 334 1 0 241 1 0 396 0 1 994 1 0 221 0 0 673 1 1 841 0 0 22 1 0 845 1
 0 738 0 0 147 1 1 960 0 0 856 1 1 802 1 1 537 1 1 390 0 0 714 1 1 362 0 1 961
 0 1 95 1 0 868 1 0 633 0 0 816 0 1 960 1 0 770 0 1 611 0 0 813 0 0 62 1 0 603
 0 1 48 1 1 483 1 0 540 1 0 437 0 1 804 1 0 828 1 1 939 1 0 184 0 1 824 1 1 444
 1 0 468 1 0 56 1 1 538 0 0 897 0 1 36 1 0 516 0 1 835 0 0 288 1 0 407 0 0 89 0
 0 131 0 1 937 1 1 473 1 0 210 1 1 656 1 1 953 0 1 265 0 0 715 0 0 98 0 0 190 1
 1 622 1 0 449 1 0 182 0 1 920 1 0 942 1 0 901 1 0 742 0 1 652 0 0 131 1 1 880
 0 1 962 0 1 887 0 1 667 0 1 800 1 1 392 1 0 570 0 0 207 0 1 742 0 0 731 1 1
 575 1 1 500 0 1 258 0 1 450 1 1 234 1 0 223 1 1 219 1 0 52 0 0 489 1 0 60 1 1
 337 0 1 539 0 0 372 0 1 600 1 0 221 1 1 534 0 1 189 1 0 922 0 0 162 1 0 818 0
 0 924 0 1 257 1 1 360 1 1 698 0 1 215 0 1 723 1 1 882 0 0 422 0 1 247 0 0 88 0
 0 813 1 0 81 0 0 772 1 0 135 0 0 402 0 0 420 0 1 253 1 0 451 0 1 160 1 1 727 1
 1 747 1 0 368 0 1 468 0 0 645 1 1 383 0 1 943 1 1 519 1 0 696 1 1 420 1 1 853
 0 1 817 1 1 369 1 0 942 1 1 770 0 0 654 1 1 475 1 1 844 1 1 796 1 1 387 1 1
 469 1 0 649 0 0 766 1 0 510 1 0 333 1 1 44 0 0 275 0 1 965 0 0 553 1 1 598 0 1
 95 1 1 307 1 0 340 1 1 561 1 1 248 0 1 641 0 1 230 1 0 601 0 0 739 0 0 293 0 0
 817 1 0 242 1 0 314 1 0 928 1 0 803 0 1 432 1 0 900 0 1 586 0 0 488 1 0 582 1
 1 597 0 0 58 0 1 533 0 0 148 1 1 89 1 0 857 1 0 842 1 1 134 1 1 498 1 0 639 1
 0 138 0 1 80 0 1 213 0 1 170 0 1 962 0 0 881 1 0 590 0 0 567 1 0 224 0 1 310 0
 1 808 0 0 325 1 0 296 1 0 161 0 0 568 1 0 900 0 0 411 1 1 762 0 1 714 1 0 771
 1 1 180 0 0 977 0 0 54 0 0 674 0 1 662 1 1 206 1 0 281 1 0 878 0 1 211 1 0 752
 0 1 123 0 1 988 0 0 33 1 1 761 0 0 65 0 0 653 1 1 377 0 1 814 0 1 108 1 0 191
 0 0 537 1 1 408 1 0 697 0 0 215 0 0 189 0 1 926 0 1 539 0 1 353 0 1 566 0 0
 781 1 1 255 0 0 477 1 0 897 0 0 762 1 0 458 1 1 682 1 1 150 1 0 732 1 1 674 0
 1 548 0 1 877 1 1 263 1 0 371 1 0 363 1 0 422 1 1 619 0 0 648 1 0 763 1 1 536
 0 0 65 1 1 154 0 0 449 0 1 695 0 1 516 1 0 665 0 1 87 0 0 0 1 1 746 0 0 694 0
 0 374 0 1 84 1 1 10 1 0 711 1 1 873 1 1 573 1 1 596 0 1 421 1 1 520 1 0 288 1
 1 824 0 0 964 1 1 151 0 1 215 1 0 834 0 1 854 1 0 491 1 0 338 0 1 978 1 1 693
 0 1 812 1 1 31 0 1 534 1 1 274 1 0 822 1 0 696 0 1 17 1 1 177 1 0 482 1 0 487
 1 0 350 1 0 216 1 0 503 1 1 636 0 0 81 1 0 579 1 0 628 1 1 53 0 1 844 0 1 380
 0 0 325 0 1 385 0 1 861 0 1 400 1 1 281 0 1 519 1 1 766 0 1 912 1 0 454 1 1 24
 0 0 70 1 1 862 1 1 530 1 0 144 0 1 313 0 1 851 0 1 939 1 0 984 1 0 395 0 0 854
 0 1 484 0 1 379 0 1 758 1 0 448 0 0 963 1 0 104 1 1 784 1 0 175 1 0 198 1 1
 551 1 0 89 0 1 748 1 1 236 1 1 539 1 0 125 0 0 709 1 0 840 0 0 936 0 0 780 0 0
 445 1 0 570 0 0 510 1 1 388 0 0 140 1 0 207 1 1 366 1 1 913 1 1 703 1 1 749 1
 0 862 1 0 363 0 1 442 1 1 322 0 0 603 0 1 419 0 0 949 1 0 14 1 0 600 0 1 918 0
 0 238 0 1 554 1 1 787 0 0 764 1 0 880 0 0 310 1 0 109 1 0 79 0 0 736 0 0 348 1
 0 669 0 0 394 1 0 164 0 0 591 0 1 883 1 1 972 1 0 619 0 0 851 1 1 768 1 0 770
 0 0 899 0 1 609 1 0 44 1 1 510 1 0 49 1 1 514 0 1 412 1 0 740 1 1 373 1 1 65 0
 0 338 1 1 460 0 1 691 0 0 420 0 1 224 1 1 671 0 0 276 0 0 916 1 1 194 1 1 183
 1 0 831 0 1 714 1 0 900 1 1 503 0 0 202 1 0 162 0 1 156 1 0 459 1 1 507 1 1
 506 1 1 260 0 0 658 1 0 213 1 0 160 1 0 212 0 0 911 1 1 676 0 0 918 0 0 906 1
 1 14 1 1 795 1 0 615 1 1 896 0 1 853 0 0 927 0 0 780 1 0 790 0 0 859 0 0 477 0
 1 961 0 1 339 0 1 537 1 0 526 1 0 462 1 0 134 1 0 655 0 1 16 0 1 190 1 0 578 0
 0 872 1 1 928 1 0 475 1 1 161 1 1 29 1 0 277 0 1 584 1 1 431 0 1 356 1 1 520 0
 0 823 0 0 78 1 1 37 1 0 700 0 0 649 0 0 63 1 1 143 0 1 741 0 1 786 0 1 730 0 1
 977 0 0 9 1 0 322 0 0 817 1 0 409 0 1 544 1 0 704 1 1 445 1 0 394 0 0 540 0 0
 792 1 1 185 0 0 931 1 1 730 1 1 280 0 1 137 1 1 890 0 1 886 1 0 956 1 1 45 0 0
 294 1 0 284 1 1 667 0 1 703 0 1 682 0 0 541 1 1 293 1 0 980 1 0 289 1 1 700 0
 1 299 1 0 948 0 0 341 1 1 866 1 0 948 0 0 385 0 0 230 1 0 768 0 0 158 1 0 236
 1 1 198 1 1 969 1 1 693 1 1 7 0 0 127 0 1 422 1 1 472 0 0 434 0 1 694 0 1 417
 0 0 159 1 1 458 1 1 822 0 1 539 0 1 298 0 0 664 0 0 761 1 0 862 1 0 366 1 1 75
 0 1 624 0 0 945 0 1 241 1 1 513 1 0 104 0 0 965 1 1 891 0 1 350 1 1 982 0 1
 145 0 0 953 0 0 38 1 1 895 1 0 720 1 1 890 1 0 503 1 1 799 0 1 906 0 1 759 0 1
 950 1 0 98 1 1 714 0 1 366 0 0 592 1 0 59 0 0 405 0 0 527 1 1 620 0 1 883 0 1
 921 1 0 497 0 0 798 1 1 291 1 0 737 0 1 822 0 1 707 1 0 62 0 0 674 1 0 48 0 1
 896 1 1 784 1 0 604 0 0 808 1 0 862 1 0 866 0 0 718 0 0 516 0 0 214 0 1 172 0
 0 817 1 1 500 1 0 401 1 1 361 0 0 527 0 0 232 0 1 832 1 1 627 0 0 27 1 0 313 0
 0 835 1 1 23 1 1 304 1 1 324 1 1 931 0 0 106 0 1 673 1 0 954 0 0 616 0 0 967 1
 0 50 1 0 330 0 0 141 1 0 1 0 0 745 0 0 875 0 1 603 1 1 164 0 1 707 0 0 902 0 0
 401 1 1 229 1 1 730 0 1 613 0 0 621 1 1 649 1 0 455 0 0 721 0 0 431 1 1 309 0
 0 38 1 1 197 0 0 203 1 1 820 0 0 496 0 0 73 1 0 512 0 1 550 0 0 209 0 1 933 1
 1 887 1 1 721 1 0 720 1 1 474 1 1 863 1 1 102 1 1 523 1 0 512 1 1 568 0 1 179
 1 0 354 1 0 903 0 1 240 1 1 184 1 0 198 1 0 910 0 1 403 1 1 488 1 1 523 0 1
 302 1 0 522 1 1 195 0 1 704 0 0 293 1 0 573 1 0 791 1 0 394 1 0 905 1 1 994 0
 0 985 0 1 411 1 1 292 1 0 923 1 0 695 1 0 321 1 1 138 0 0 124 1 0 403 0 0 270
 0 1 417 1 1 894 0 0 364 0 0 325 0 1 300 0 1 1 0 1 846 1 0 127 0 1 21 0 0 22 0
 1 13 0 1 911 1 1 785 0 0 372 1 0 999 1 1 163 0 0 645 0 1 629 0 0 782 0 0 931 1
 1 463 0 0 714 0 0 134 1 1 512 1 1 764 1 1 273 0 0 190 1 1 657 1 0 220 0 1 599
 0 0 931 0 1 498 0 1 879 1 0 660 0 0 994 0 1 876 1 1 273 1 1 995 1 0 988 1 1
 332 0 0 310 1 1 39 1 0 852 1 0 974 0 1 483 0 0 475 0 1 709 0 1 615 0 1 592 0 1
 947 1 1 191 0 1 284 1 0 217 0 0 550 1 0 973 0 0 178 0 1 644 1 1 851 1 1 559 1
 1 733 0 1 584 1 1 216 0 0 420 0 1 550 1 0 263 0 0 556 1 0 510 0 0 87 0 0 290 0
 0 384 1 1 466 0 1 916 1 1 676 0 0 566 0 1 415 0 1 951 1 1 913 0 1 288 1 0 591
 0 1 242 1 1 651 1 0 542 0 1 634 1 1 474 0 0 434 1 1 8 1 0 495 0 1 424 1 0 794
 1 1 307 0 1 855 0 0 129 1 0 477 0 1 41 1 0 599 1 0 327 1 0 325 0 0 752 1 0 698
 0 1 429 1 1 311 1 1 498 1 1 217 1 0 677 1 1 158 1 1 6 0 1 765 0 1 556 1 1 189
 1 1 822 0 0 785 0 0 50 0 0 312 0 1 226 1 1 871 0 0 128 1 1 885 1 1 653 1 1 592
 1 0 247 0 1 421 1 1 938 1 0 363 1 0 415 0 0 216 1 0 798 0 1 202 1 0 696 1 0
 237 1 1 45 0 1 21 0 0 304 1 1 788 0 1 833 1 1 114 0 1 974 0 1 1 0 0 951 1 1
 935 1 0 558 0 0 124 0 0 14 0 1 995 0 1 468 0 1 704 1 1 763 1 1 198 1 1 521 1 1
 839 1 1 170 1 1 373 1 0 545 0 0 582 1 1 437 0 1 798 0 1 906 1 0 962 1 0 977 0
 0 810 1 0 801 0 1 243 1 0 37 1 1 6 1 0 874 1 0 631 0 1 688 1 0 263 1 0 128 1 1
 506 0 0 380 1 1 121 1 1 970 0 0 230 0 0 473 1 0 999 1 0 9 0 0 686 0 0 861 0 1
 452 0 1 96 0 0 101 1 0 582 1 0 66 0 1 696 0 1 881 0 1 270 0 1 11 1 0 667 1 0
 997 0 0 809 1 0 330 1 0 972 0 1 515 0 1 8 0 0 96 1 0 170 0 0 181 0 1 389 1 1
 213 1 0 193 0 1 933 0 1 18 1 1 775 0 0 775 1 0 762 0 0 584 0 1 595 1 1 467 0 0
 601 0 0 238 1 0 371 0 0 186 0 0 816 0 1 588 1 0 957 0 0 94 1 1 997 1 1 110 1 0
 423 1 0 225 1 1 582 0 0 236 1 1 895 1 1 270 0 0 850 0 1 261 0 1 886 1 1 449 1
 1 332 1 0 957 1 1 156 0 0 588 0 0 417 0 1 886 1 0 218 1 1 534 0 1 505 0 1 814
 0 1 653 0 0 241 0 0 2 0 0 960 1 1 608 1 0 45 0 1 632 0 0 179 1 1 752 1 1 613 0
 1 68 0 1 37 1 1 894 1 0 784 0 0 750 0 0 548 0 1 829 0 1 925 0 1 880 0 1 488 1
 0 103 1 1 125 0 1 541 0 1 318 1 0 104 0 0 256 1 0 231 0 1 792 1 1 905 1 1 217
 1 0 765 1 1 213 1 1 668 1 0 862 1 1 290 1 0 67 1 1 899 1 1 472 0 0 998 0 1 507
 0 1 453 0 1 822 0 1 67 1 1 684 0 0 84 0 0 165 0 0 182 0 0 873 0 1 686 1 0 92 1
 0 647 0 1 723 0 1 998 0 1 825 0 0 477 0 1 587 1 0 65 0 1 75 0 1 171 0 1 255 1
 0 913 0 0 427 1 0 237 0 0 913 0 1 244 1 0 425 0 0 515 1 0 382 0 0 528 1 0 650
 0 1 214 1 1 242 1 1 249 1 0 346 0 1 317 0 0 310 1 1 731 0 1 880 1 0 835 1 0
 571 1 0 305 0 0 526 0 0 335 1 1 331 1 0 560 1 1 919 1 1 925 1 1 344 0 0 722 1
 1 100 1 0 49 0 0 332 1 0 498 1 1 822 1 1 606 0 1 96 0 1 930 0 0 395 1 0 422 1
 0 465 0 0 635 1 0 925 1 1 162 0 0 271 1 0 351 1 1 956 0 1 586 1 1 7 1 1 685 1
 1 726 0 1 644 0 1 376 1 1 270 0 0 192 1 1 940 0 0 588 0 0 526 1 1 251 1 1 623
 1 0 945 1 0 697 1 0 693 0 1 123 0 1 96 0 0 514 1 1 904 0 0 232 1 0 321 1 0 885
 1 0 472 0 1 22 1 0 143 0 1 152 0 0 277 0 0 435 1 0 671 0 0 903 1 0 186 0 0 130
 1 1 774 0 0 241 0 1 111 0 1 152 0 0 414 0 0 821 1 0 135 0 1 997 1 1 14 0 0 772
 1 1 952 0 1 26 0 0 14 0 0 908 1 0 44 0 1 962 1 1 220 0 1 893 1 1 629 0 1 129 1
 0 750 1 1 65 0 0 200 1 0 108 1 0 796 1 0 962 0 0 420 1 1 93 1 1 563 1 0 817 0
 0 893 1 1 551 0 1 498 0 0 52 0 1 919 0 0 543 1 0 717 0 0 466 1 1 553 1 0 771 0
 0 909 0 0 826 0 0 734 1 0 952 1 1 90 0 1 731 1 1 475 1 0 801 1 1 377 0 0 698 1
 0 607 0 1 480 1 1 983 0 0 14 1 0 626 1 1 55 1 1 921 0 1 391 1 1 345 1 1 855 0
 1 311 1 1 228 0 1 70 1 0 22 1 1 548 1 0 294 1 1 586 1 1 882 0 1 11 1 0 802 1 1
 248 0 0 373 1 1 423 0 1 355 1 0 183 1 1 430 1 0 792 0 1 307 1 0 128 1 0 193 1
 1 444 0 1 360 1 0 118 1 1 492 1 0 469 1 1 506 1 0 188 0 1 602 0 1 465 1 0 310
 1 1 644 1 1 955 0 0 660 1 1 764 1 1 576 0 0 980 0 1 738 1 0 478 1 0 258 1 0
 908 0 0 104 0 1 648 1 0 175 1 1 30 1 0 205 0 1 920 1 1 707 1 1 937 1 1 889 0 0
 803 0 1 187 1 0 716 1 0 131 0 0 677 1 0 540 0 0 372 0 0 846 1 1 788 1 1 668 1
 1 958 1 0 196 0 0 164 0 0 153 0 1 141 0 0 484 0 1 959 0 0 847 1 1 452 1 0 860
 1 0 703 1 1 630 1 0 794 0 1 807 1 1 649 0 0 779 0 1 346 1 1 281 0 1 347 0 0
 813 1 0 100 1 0 921 0 1 982 1 0 735 1 0 558 1 1 339 1 0 757 1 0 261 1 0 992 1
 0 562 0 1 170 0 0 794 1 1 509 1 1 401 0 1 290 0 0 683 0 1 390 0 1 251 0 1 880
 0 1 589 0 0 720 0 1 839 1 0 31 1 1 87 0 0 963 1 1 91 0 0 726 0 1 476 0 1 833 0
 0 129 0 1 535 0 0 622 0 1 38 0 0 703 1 1 585 1 1 66 1 0 545 1 0 580 0 0 963 1
 1 631 0 1 938 0 1 497 0 0 488 0 1 251 1 0 721 0 1 968 0 0 802 0 0 979 0 0 47 1
 1 795 0 1 694 1 0 277 1 1 179 1 1 221 1 1 413 0 0 29 0 1 281 0 1 300 1 0 864 0
 0 35 1 0 336 1 1 731 1 0 660 0 0 87 1 0 812 0 0 707 1 0 70 1 0 212 0 0 620 1 1
 147 1 1 632 1 1 752 1 1 567 1 1 965 1 0 333 1 0 822 0 0 434 0 0 705 1 1 74 1 0
 245 1 1 149 0 0 54 0 1 930 1 0 289 0 1 981 0 1 485 1 0 371 0 1 427 1 0 629 1 1
 891 0 1 813 1 0 46 0 1 215 0 1 674 0 1 741 0 1 187 1 0 454 0 0 388 1 0 505 0 0
 945 0 1 198 0 0 431 1 1 77 1 1 487 1 0 664 1 0 183 1 0 259 1 0 787 0 0 792 0 1
 840 0 1 562 0 1 634 1 0 29 1 0 729 1 0 59 1 1 128 0 1 934 0 0 98 1 0 373 0 1
 977 1 0 533 1 1 750 0 1 493 1 0 301 1 1 782 0 0 476 0 0 393 0 1 464 0 0 266 1
 0 622 0 1 131 0 0 557 1 0 562 0 1 82 0 0 300 1 0 839 0 1 795 0 0 346 1 1 77 1
 1 652 0 0 594 1 0 531 1 1 246 1 0 534 0 0 403 1 0 866 0 0 233 1 0 878 0 0 414
 0 0 969 0 0 484 1 1 967 0 1 357 1 1 242 0 0 436 0 1 43 0 1 195 1 1 827 0 1 122
 1 0 718 0 1 666 1 1 963 1 0 708 0 1 622 1 1 840 0 0 953 1 1 129 1 0 774 0 1
 189 1 0 499 1 1 279 0 1 765 0 0 114 1 0 95 0 1 979 1 0 959 1 0 684 1 0 454 0 0
 949 1 0 630 0 1 922 1 1 508 1 1 244 1 1 796 1 0 793 1 1 551 1 1 749 0 1 507 0
 1 887 1 1 918 1 1 234 0 0 560 0 0 603 0 0 875 0 1 920 1 1 877 0 0 178 1 1 154
 1 1 758 1 1 635 1 0 901 0 1 463 1 1 575 1 0 966 1 0 748 0 0 566 1 0 273 0 1
 112 1 0 582 1 0 479 1 1 545 0 1 350 0 0 718 1 1 687 0 1 313 1 1 717 0 1 570 0
 1 369 0 0 784 1 1 885 1 0 772 0 0 730 0 0 919 0 1 938 0 1 809 0 1 979 1 1 42 1
 1 287 1 1 265 1 1 790 1 1 107 1 1 103 1 0 104 0 0 74 1 1 666 0 1 935 0 1 339 1
 0 589 1 0 563 0 0 523 1 0 378 0 1 348 1 0 638 1 1 834 1 0 29 1 0 323 0 1 852 1
 0 637 1 0 638 1 1 303 0 0 363 1 1 355 1 1 598 0 0 268 0 0 480 1 0 965 1 0 31 0
 0 631 0 0 976 0 1 945 0 1 616 0 0 859 1 0 783 1 0 400 0 1 185 0 1 595 0 1 993
 0 1 972 1 0 416 1 0 941 0 0 828 1 0 860 1 0 884 0 1 977 0 1 591 0 0 826 1 0
 602 0 0 820 0 1 155 1 1 689 1 0 459 0 1 279 0 1 596 1 1 426 0 0 423 1 0 523 0
 0 172 0 1 528 1 1 26 0 0 892 0 0 334 1 0 682 0 0 237 0 0 452 0 1 351 1 0 41 0
 0 172 1 1 874 1 1 244 1 0 820 1 0 992 1 1 71 0 0 869 1 1 749 1 1 710 0 0 200 0
 1 584 0 1 481 1 1 312 1 1 779 1 0 647 1 1 448 0 0 426 0 0 41 0 1 859 1 0 530 1
 1 552 0 1 957 0 1 100 0 1 218 0 0 809 0 0 104 0 0 85 1 1 155 1 0 563 0 1 575 0
 0 540 1 1 900 1 1 870 0 1 357 0 1 120 1 1 894 1 0 86 0 0 277 0 0 685 0 1 568 0
 1 944 0 1 450 0 1 96 1 0 933 1 1 132 0 1 217 0 1 210 1 0 113 0 0 774 1 0 473 0
 1 931 1 1 719 1 1 455 1 0 704 1 1 459 1 1 336 1 0 292 1 1 23 1 0 586 1 1 982 1
 1 520 0 0 342 0 1 641 0 1 574 0 1 133 0 1 296 1 1 897 0 0 264 0 0 580 0 0 969
 0 0 944 0 1 667 1 0 859 1 0 324 0 1 61 0 1 691 0 1 660 0 0 215 0 1 21 1 0 491
 0 1 466 0 1 882 0 1 80 1 0 781 0 0 509 1 0 260 0 0 854 0 1 396 1 0 669 0 0 253
 1 0 223 0 0 68 1 0 107 0 1 150 1 1 820 1 1 209 1 0 414 0 1 651 0 0 617 1 1 522
 0 1 89 1 0 389 1 0 453 1 0 104 0 0 708 0 0 417 1 1 927 1 0 631 1 1 114 1 1 55
 1 1 171 0 0 940 1 1 142 1 0 149 0 0 744 1 0 509 1 1 90 1 1 994 0 1 757 0 1 421
 0 0 462 1 0 763 1 0 915 0 0 315 1 0 813 1 1 948 0 0 481 1 0 729 1 1 781 0 1 53
 1 1 213 1 1 720 1 1 184 0 1 944 0 1 665 1 1 781 0 0 228 1 1 399 0 0 470 0 0
 487 1 1 619 1 1 760 1 0 99 1 0 271 1 0 740 0 1 522 0 1 945 0 0 327 1 1 314 0 0
 43 1 0 710 1 0 188 1 0 553 0 1 153 1 0 594 0 1 358 0 0 714 0 0 374 1 0 298 0 0
 701 1 0 322 0 0 116 1 1 100 0 0 380 0 1 1 0 1 727 0 0 73 0 0 785 1 0 787 0 1
 115 1 1 967 0 0 685 1 1 798 0 1 466 0 0 255 0 0 869 1 0 694 0 1 636 1 1 124 0
 1 416 1 1 867 0 1 695 1 0 262 1 1 163 0 0 504 1 0 404 1 0 400 1 0 385 0 0 796
 1 1 904 1 1 30 1 0 359 0 0 162 1 1 245 0 1 444 0 0 442 0 1 756 0 0 88 1 0 451
 0 0 754 1 1 384 1 0 978 0 0 25 0 0 991 0 0 48 1 0 454 1 1 912 0 1 575 1 1 19 1
 0 157 1 1 487 0 0 356 1 0 204 0 1 633 1 1 712 0 0 762 1 0 229 1 1 882 1 1 462
 0 1 596 1 1 489 1 1 44 0 1 935 1 1 240 0 1 845 1 0 724 1 1 20 1 0 819 1 1 669
 1 1 811 0 1 226 1 0 449 1 1 837 0 0 334 1 1 993 0 1 827 1 0 340 1 1 409 1 0
 317 0 1 168 1 0 753 1 0 834 1 1 716 0 1 75 1 0 741 1 1 331 1 0 284 1 1 770 1 0
 261 0 1 49 0 1 620 1 0 655 1 1 32 1 1 805 0 0 651 1 1 324 1 1 285 0 0 347 0 1
 924 1 0 20 1 0 805 1 0 672 0 0 641 0 1 204 1 0 304 1 1 916 1 0 45 0 1 284 1 1
 740 1 1 28 1 1 833 0 0 483 0 1 980 1 0 873 1 0 316 0 0 413 1 0 18 0 0 954 0 0
 564 1 1 427 1 1 112 1 1 429 1 0 262 0 0 480 0 0 642 0 1 934 0 0 747 0 1 972 0
 0 669 1 1 475 1 0 741 1 0 341 1 1 224 1 0 400 0 1 569 1 1 48 0 0 168 0 1 996 1
 1 144 0 1 179 0 0 824 1 0 477 1 0 413 0 1 480 1 0 886 1 0 538 1 1 705 1 0 470
 1 0 461 1 0 946 1 0 137 0 1 57 0 0 928 1 1 435 1 1 983 0 1 931 0 0 382 0 1 985
 0 1 977 0 1 195 0 1 113 0 0 202 0 1 216 1 0 552 1 1 982 0 0 428 1 1 236 0 0
 569 0 1 294 0 1 699 0 0 438 0 1 806 0 0 573 0 1 668 0 0 361 1 1 21 1 1 734 1 0
 721 1 0 178 0 0 666 1 1 215 0 1 552 0 1 114 0 0 651 0 1 938 1 0 77 0 1 773 0 0
 106 0 0 147 0 0 875 1 1 31 0 1 747 1 0 119 1 1 268 1 1 633 1 1 777 0 0 423 0 1
 385 0 1 29 1 0 445 0 0 294 1 0 728 1 1 275 1 0 179 0 0 541 1 0 529 0 0 650 1 0
 155 1 0 225 0 0 157 1 1 422 1 1 61 1 1 836 1 1 750 1 1 38 1 0 3 1 0 776 0 0
 764 0 0 73 1 1 605 1 0 222 1 1 146 0 0 785 0 1 580 1 0 748 0 1 764 0 1 678 1 0
 471 0 1 907 1 0 737 1 1 247 0 1 480 1 0 458 0 1 18 0 1 54 0 1 216 0 1 914 1 0
 251 0 0 442 1 0 255 0 0 969 0 1 587 0 0 13 1 1 658 1 1 880 1 0 978 1 0 978 1 0
 226 1 0 53 0 0 199 0 1 805 0 1 121 0 1 428 1 0 106 1 0 111 1 0 663 1 1 648)
States: 1000

State   Read    Write   Move    Next-State
1       0       1       1       1
1       1       0       1       692
2       0       0       0       908
2       1       0       0       652
3       0       1       1       704
3       1       1       0       248
4       0       0       0       784
4       1       1       1       407
5       0       0       0       84
5       1       0       1       792
6       0       1       0       758
6       1       1       0       545
7       0       1       1       743
7       1       1       0       341
8       0       1       1       67
8       1       0       0       960
9       0       0       1       48
9       1       0       0       773
10      0       1       1       754
10      1       0       0       944
11      0       1       0       729
11      1       0       0       746
12      0       1       0       21
12      1       0       0       900
13      0       1       0       600
13      1       1       0       558
14      0       0       1       316
14      1       1       0       369
15      0       1       0       784
15      1       1       0       122
16      0       0       0       753
16      1       0       0       164
17      0       0       0       797
17      1       0       1       453
18      0       0       1       173
18      1       1       0       587
19      0       0       1       134
19      1       1       1       576
20      0       1       1       380
20      1       1       0       528
21      0       1       0       338
21      1       1       1       846
22      0       0       0       805
22      1       0       0       536
23      0       1       0       837
23      1       0       1       147
24      0       0       0       863
24      1       1       0       912
25      0       1       1       301
25      1       0       0       280
26      0       0       0       227
26      1       0       1       785
27      0       0       0       429
27      1       1       0       124
28      0       0       1       318
28      1       0       1       703
29      0       1       0       298
29      1       1       1       514
30      0       0       0       155
30      1       1       1       287
31      0       0       1       264
31      1       0       0       654
32      0       1       1       559
32      1       0       0       299
33      0       1       1       935
33      1       1       0       889
34      0       1       0       803
34      1       1       1       171
35      0       0       0       861
35      1       1       1       65
36      0       0       0       142
36      1       0       0       958
37      0       0       1       723
37      1       1       0       310
38      0       1       0       466
38      1       1       1       995
39      0       0       0       471
39      1       1       0       827
40      0       0       1       910
40      1       1       0       55
41      0       0       1       766
41      1       0       1       633
42      0       0       1       287
42      1       0       1       994
43      0       0       1       981
43      1       0       0       817
44      0       1       1       575
44      1       0       0       490
45      0       0       0       270
45      1       1       1       473
46      0       0       0       177
46      1       1       0       197
47      0       1       1       536
47      1       1       1       185
48      0       1       0       166
48      1       1       0       637
49      0       0       1       317
49      1       1       0       834
50      0       1       0       750
50      1       1       1       581
51      0       1       1       862
51      1       1       0       492
52      0       0       0       413
52      1       0       0       907
53      0       1       0       973
53      1       0       1       346
54      0       1       0       147
54      1       0       1       508
55      0       1       0       908
55      1       1       1       26
56      0       0       1       481
56      1       1       0       422
57      0       1       0       130
57      1       0       0       58
58      0       0       1       574
58      1       0       1       992
59      0       1       0       221
59      1       1       1       439
60      0       1       1       785
60      1       1       1       334
61      0       1       0       241
61      1       1       0       396
62      0       0       1       994
62      1       1       0       221
63      0       0       0       673
63      1       1       1       841
64      0       0       0       22
64      1       1       0       845
65      0       1       0       738
65      1       0       0       147
66      0       1       1       960
66      1       0       0       856
67      0       1       1       802
67      1       1       1       537
68      0       1       1       390
68      1       0       0       714
69      0       1       1       362
69      1       0       1       961
70      0       0       1       95
70      1       1       0       868
71      0       1       0       633
71      1       0       0       816
72      0       0       1       960
72      1       1       0       770
73      0       0       1       611
73      1       0       0       813
74      0       0       0       62
74      1       1       0       603
75      0       0       1       48
75      1       1       1       483
76      0       1       0       540
76      1       1       0       437
77      0       0       1       804
77      1       1       0       828
78      0       1       1       939
78      1       1       0       184
79      0       0       1       824
79      1       1       1       444
80      0       1       0       468
80      1       1       0       56
81      0       1       1       538
81      1       0       0       897
82      0       0       1       36
82      1       1       0       516
83      0       0       1       835
83      1       0       0       288
84      0       1       0       407
84      1       0       0       89
85      0       0       0       131
85      1       0       1       937
86      0       1       1       473
86      1       1       0       210
87      0       1       1       656
87      1       1       1       953
88      0       0       1       265
88      1       0       0       715
89      0       0       0       98
89      1       0       0       190
90      0       1       1       622
90      1       1       0       449
91      0       1       0       182
91      1       0       1       920
92      0       1       0       942
92      1       1       0       901
93      0       1       0       742
93      1       0       1       652
94      0       0       0       131
94      1       1       1       880
95      0       0       1       962
95      1       0       1       887
96      0       0       1       667
96      1       0       1       800
97      0       1       1       392
97      1       1       0       570
98      0       0       0       207
98      1       0       1       742
99      0       0       0       731
99      1       1       1       575
100     0       1       1       500
100     1       0       1       258
101     0       0       1       450
101     1       1       1       234
102     0       1       0       223
102     1       1       1       219
103     0       1       0       52
103     1       0       0       489
104     0       1       0       60
104     1       1       1       337
105     0       0       1       539
105     1       0       0       372
106     0       0       1       600
106     1       1       0       221
107     0       1       1       534
107     1       0       1       189
108     0       1       0       922
108     1       0       0       162
109     0       1       0       818
109     1       0       0       924
110     0       0       1       257
110     1       1       1       360
111     0       1       1       698
111     1       0       1       215
112     0       0       1       723
112     1       1       1       882
113     0       0       0       422
113     1       0       1       247
114     0       0       0       88
114     1       0       0       813
115     0       1       0       81
115     1       0       0       772
116     0       1       0       135
116     1       0       0       402
117     0       0       0       420
117     1       0       1       253
118     0       1       0       451
118     1       0       1       160
119     0       1       1       727
119     1       1       1       747
120     0       1       0       368
120     1       0       1       468
121     0       0       0       645
121     1       1       1       383
122     0       0       1       943
122     1       1       1       519
123     0       1       0       696
123     1       1       1       420
124     0       1       1       853
124     1       0       1       817
125     0       1       1       369
125     1       1       0       942
126     0       1       1       770
126     1       0       0       654
127     0       1       1       475
127     1       1       1       844
128     0       1       1       796
128     1       1       1       387
129     0       1       1       469
129     1       1       0       649
130     0       0       0       766
130     1       1       0       510
131     0       1       0       333
131     1       1       1       44
132     0       0       0       275
132     1       0       1       965
133     0       0       0       553
133     1       1       1       598
134     0       0       1       95
134     1       1       1       307
135     0       1       0       340
135     1       1       1       561
136     0       1       1       248
136     1       0       1       641
137     0       0       1       230
137     1       1       0       601
138     0       0       0       739
138     1       0       0       293
139     0       0       0       817
139     1       1       0       242
140     0       1       0       314
140     1       1       0       928
141     0       1       0       803
141     1       0       1       432
142     0       1       0       900
142     1       0       1       586
143     0       0       0       488
143     1       1       0       582
144     0       1       1       597
144     1       0       0       58
145     0       0       1       533
145     1       0       0       148
146     0       1       1       89
146     1       1       0       857
147     0       1       0       842
147     1       1       1       134
148     0       1       1       498
148     1       1       0       639
149     0       1       0       138
149     1       0       1       80
150     0       0       1       213
150     1       0       1       170
151     0       0       1       962
151     1       0       0       881
152     0       1       0       590
152     1       0       0       567
153     0       1       0       224
153     1       0       1       310
154     0       0       1       808
154     1       0       0       325
155     0       1       0       296
155     1       1       0       161
156     0       0       0       568
156     1       1       0       900
157     0       0       0       411
157     1       1       1       762
158     0       0       1       714
158     1       1       0       771
159     0       1       1       180
159     1       0       0       977
160     0       0       0       54
160     1       0       0       674
161     0       0       1       662
161     1       1       1       206
162     0       1       0       281
162     1       1       0       878
163     0       0       1       211
163     1       1       0       752
164     0       0       1       123
164     1       0       1       988
165     0       0       0       33
165     1       1       1       761
166     0       0       0       65
166     1       0       0       653
167     0       1       1       377
167     1       0       1       814
168     0       0       1       108
168     1       1       0       191
169     0       0       0       537
169     1       1       1       408
170     0       1       0       697
170     1       0       0       215
171     0       0       0       189
171     1       0       1       926
172     0       0       1       539
172     1       0       1       353
173     0       0       1       566
173     1       0       0       781
174     0       1       1       255
174     1       0       0       477
175     0       1       0       897
175     1       0       0       762
176     0       1       0       458
176     1       1       1       682
177     0       1       1       150
177     1       1       0       732
178     0       1       1       674
178     1       0       1       548
179     0       0       1       877
179     1       1       1       263
180     0       1       0       371
180     1       1       0       363
181     0       1       0       422
181     1       1       1       619
182     0       0       0       648
182     1       1       0       763
183     0       1       1       536
183     1       0       0       65
184     0       1       1       154
184     1       0       0       449
185     0       0       1       695
185     1       0       1       516
186     0       1       0       665
186     1       0       1       87
187     0       0       0       0
187     1       1       1       746
188     0       0       0       694
188     1       0       0       374
189     0       0       1       84
189     1       1       1       10
190     0       1       0       711
190     1       1       1       873
191     0       1       1       573
191     1       1       1       596
192     0       0       1       421
192     1       1       1       520
193     0       1       0       288
193     1       1       1       824
194     0       0       0       964
194     1       1       1       151
195     0       0       1       215
195     1       1       0       834
196     0       0       1       854
196     1       1       0       491
197     0       1       0       338
197     1       0       1       978
198     0       1       1       693
198     1       0       1       812
199     0       1       1       31
199     1       0       1       534
200     0       1       1       274
200     1       1       0       822
201     0       1       0       696
201     1       0       1       17
202     0       1       1       177
202     1       1       0       482
203     0       1       0       487
203     1       1       0       350
204     0       1       0       216
204     1       1       0       503
205     0       1       1       636
205     1       0       0       81
206     0       1       0       579
206     1       1       0       628
207     0       1       1       53
207     1       0       1       844
208     0       0       1       380
208     1       0       0       325
209     0       0       1       385
209     1       0       1       861
210     0       0       1       400
210     1       1       1       281
211     0       0       1       519
211     1       1       1       766
212     0       0       1       912
212     1       1       0       454
213     0       1       1       24
213     1       0       0       70
214     0       1       1       862
214     1       1       1       530
215     0       1       0       144
215     1       0       1       313
216     0       0       1       851
216     1       0       1       939
217     0       1       0       984
217     1       1       0       395
218     0       0       0       854
218     1       0       1       484
219     0       0       1       379
219     1       0       1       758
220     0       1       0       448
220     1       0       0       963
221     0       1       0       104
221     1       1       1       784
222     0       1       0       175
222     1       1       0       198
223     0       1       1       551
223     1       1       0       89
224     0       0       1       748
224     1       1       1       236
225     0       1       1       539
225     1       1       0       125
226     0       0       0       709
226     1       1       0       840
227     0       0       0       936
227     1       0       0       780
228     0       0       0       445
228     1       1       0       570
229     0       0       0       510
229     1       1       1       388
230     0       0       0       140
230     1       1       0       207
231     0       1       1       366
231     1       1       1       913
232     0       1       1       703
232     1       1       1       749
233     0       1       0       862
233     1       1       0       363
234     0       0       1       442
234     1       1       1       322
235     0       0       0       603
235     1       0       1       419
236     0       0       0       949
236     1       1       0       14
237     0       1       0       600
237     1       0       1       918
238     0       0       0       238
238     1       0       1       554
239     0       1       1       787
239     1       0       0       764
240     0       1       0       880
240     1       0       0       310
241     0       1       0       109
241     1       1       0       79
242     0       0       0       736
242     1       0       0       348
243     0       1       0       669
243     1       0       0       394
244     0       1       0       164
244     1       0       0       591
245     0       0       1       883
245     1       1       1       972
246     0       1       0       619
246     1       0       0       851
247     0       1       1       768
247     1       1       0       770
248     0       0       0       899
248     1       0       1       609
249     0       1       0       44
249     1       1       1       510
250     0       1       0       49
250     1       1       1       514
251     0       0       1       412
251     1       1       0       740
252     0       1       1       373
252     1       1       1       65
253     0       0       0       338
253     1       1       1       460
254     0       0       1       691
254     1       0       0       420
255     0       0       1       224
255     1       1       1       671
256     0       0       0       276
256     1       0       0       916
257     0       1       1       194
257     1       1       1       183
258     0       1       0       831
258     1       0       1       714
259     0       1       0       900
259     1       1       1       503
260     0       0       0       202
260     1       1       0       162
261     0       0       1       156
261     1       1       0       459
262     0       1       1       507
262     1       1       1       506
263     0       1       1       260
263     1       0       0       658
264     0       1       0       213
264     1       1       0       160
265     0       1       0       212
265     1       0       0       911
266     0       1       1       676
266     1       0       0       918
267     0       0       0       906
267     1       1       1       14
268     0       1       1       795
268     1       1       0       615
269     0       1       1       896
269     1       0       1       853
270     0       0       0       927
270     1       0       0       780
271     0       1       0       790
271     1       0       0       859
272     0       0       0       477
272     1       0       1       961
273     0       0       1       339
273     1       0       1       537
274     0       1       0       526
274     1       1       0       462
275     0       1       0       134
275     1       1       0       655
276     0       0       1       16
276     1       0       1       190
277     0       1       0       578
277     1       0       0       872
278     0       1       1       928
278     1       1       0       475
279     0       1       1       161
279     1       1       1       29
280     0       1       0       277
280     1       0       1       584
281     0       1       1       431
281     1       0       1       356
282     0       1       1       520
282     1       0       0       823
283     0       0       0       78
283     1       1       1       37
284     0       1       0       700
284     1       0       0       649
285     0       0       0       63
285     1       1       1       143
286     0       0       1       741
286     1       0       1       786
287     0       0       1       730
287     1       0       1       977
288     0       0       0       9
288     1       1       0       322
289     0       0       0       817
289     1       1       0       409
290     0       0       1       544
290     1       1       0       704
291     0       1       1       445
291     1       1       0       394
292     0       0       0       540
292     1       0       0       792
293     0       1       1       185
293     1       0       0       931
294     0       1       1       730
294     1       1       1       280
295     0       0       1       137
295     1       1       1       890
296     0       0       1       886
296     1       1       0       956
297     0       1       1       45
297     1       0       0       294
298     0       1       0       284
298     1       1       1       667
299     0       0       1       703
299     1       0       1       682
300     0       0       0       541
300     1       1       1       293
301     0       1       0       980
301     1       1       0       289
302     0       1       1       700
302     1       0       1       299
303     0       1       0       948
303     1       0       0       341
304     0       1       1       866
304     1       1       0       948
305     0       0       0       385
305     1       0       0       230
306     0       1       0       768
306     1       0       0       158
307     0       1       0       236
307     1       1       1       198
308     0       1       1       969
308     1       1       1       693
309     0       1       1       7
309     1       0       0       127
310     0       0       1       422
310     1       1       1       472
311     0       0       0       434
311     1       0       1       694
312     0       0       1       417
312     1       0       0       159
313     0       1       1       458
313     1       1       1       822
314     0       0       1       539
314     1       0       1       298
315     0       0       0       664
315     1       0       0       761
316     0       1       0       862
316     1       1       0       366
317     0       1       1       75
317     1       0       1       624
318     0       0       0       945
318     1       0       1       241
319     0       1       1       513
319     1       1       0       104
320     0       0       0       965
320     1       1       1       891
321     0       0       1       350
321     1       1       1       982
322     0       0       1       145
322     1       0       0       953
323     0       0       0       38
323     1       1       1       895
324     0       1       0       720
324     1       1       1       890
325     0       1       0       503
325     1       1       1       799
326     0       0       1       906
326     1       0       1       759
327     0       0       1       950
327     1       1       0       98
328     0       1       1       714
328     1       0       1       366
329     0       0       0       592
329     1       1       0       59
330     0       0       0       405
330     1       0       0       527
331     0       1       1       620
331     1       0       1       883
332     0       0       1       921
332     1       1       0       497
333     0       0       0       798
333     1       1       1       291
334     0       1       0       737
334     1       0       1       822
335     0       0       1       707
335     1       1       0       62
336     0       0       0       674
336     1       1       0       48
337     0       0       1       896
337     1       1       1       784
338     0       1       0       604
338     1       0       0       808
339     0       1       0       862
339     1       1       0       866
340     0       0       0       718
340     1       0       0       516
341     0       0       0       214
341     1       0       1       172
342     0       0       0       817
342     1       1       1       500
343     0       1       0       401
343     1       1       1       361
344     0       0       0       527
344     1       0       0       232
345     0       0       1       832
345     1       1       1       627
346     0       0       0       27
346     1       1       0       313
347     0       0       0       835
347     1       1       1       23
348     0       1       1       304
348     1       1       1       324
349     0       1       1       931
349     1       0       0       106
350     0       0       1       673
350     1       1       0       954
351     0       0       0       616
351     1       0       0       967
352     0       1       0       50
352     1       1       0       330
353     0       0       0       141
353     1       1       0       1
354     0       0       0       745
354     1       0       0       875
355     0       0       1       603
355     1       1       1       164
356     0       0       1       707
356     1       0       0       902
357     0       0       0       401
357     1       1       1       229
358     0       1       1       730
358     1       0       1       613
359     0       0       0       621
359     1       1       1       649
360     0       1       0       455
360     1       0       0       721
361     0       0       0       431
361     1       1       1       309
362     0       0       0       38
362     1       1       1       197
363     0       0       0       203
363     1       1       1       820
364     0       0       0       496
364     1       0       0       73
365     0       1       0       512
365     1       0       1       550
366     0       0       0       209
366     1       0       1       933
367     0       1       1       887
367     1       1       1       721
368     0       1       0       720
368     1       1       1       474
369     0       1       1       863
369     1       1       1       102
370     0       1       1       523
370     1       1       0       512
371     0       1       1       568
371     1       0       1       179
372     0       1       0       354
372     1       1       0       903
373     0       0       1       240
373     1       1       1       184
374     0       1       0       198
374     1       1       0       910
375     0       0       1       403
375     1       1       1       488
376     0       1       1       523
376     1       0       1       302
377     0       1       0       522
377     1       1       1       195
378     0       0       1       704
378     1       0       0       293
379     0       1       0       573
379     1       1       0       791
380     0       1       0       394
380     1       1       0       905
381     0       1       1       994
381     1       0       0       985
382     0       0       1       411
382     1       1       1       292
383     0       1       0       923
383     1       1       0       695
384     0       1       0       321
384     1       1       1       138
385     0       0       0       124
385     1       1       0       403
386     0       0       0       270
386     1       0       1       417
387     0       1       1       894
387     1       0       0       364
388     0       0       0       325
388     1       0       1       300
389     0       0       1       1
389     1       0       1       846
390     0       1       0       127
390     1       0       1       21
391     0       0       0       22
391     1       0       1       13
392     0       0       1       911
392     1       1       1       785
393     0       0       0       372
393     1       1       0       999
394     0       1       1       163
394     1       0       0       645
395     0       0       1       629
395     1       0       0       782
396     0       0       0       931
396     1       1       1       463
397     0       0       0       714
397     1       0       0       134
398     0       1       1       512
398     1       1       1       764
399     0       1       1       273
399     1       0       0       190
400     0       1       1       657
400     1       1       0       220
401     0       0       1       599
401     1       0       0       931
402     0       0       1       498
402     1       0       1       879
403     0       1       0       660
403     1       0       0       994
404     0       0       1       876
404     1       1       1       273
405     0       1       1       995
405     1       1       0       988
406     0       1       1       332
406     1       0       0       310
407     0       1       1       39
407     1       1       0       852
408     0       1       0       974
408     1       0       1       483
409     0       0       0       475
409     1       0       1       709
410     0       0       1       615
410     1       0       1       592
411     0       0       1       947
411     1       1       1       191
412     0       0       1       284
412     1       1       0       217
413     0       0       0       550
413     1       1       0       973
414     0       0       0       178
414     1       0       1       644
415     0       1       1       851
415     1       1       1       559
416     0       1       1       733
416     1       0       1       584
417     0       1       1       216
417     1       0       0       420
418     0       0       1       550
418     1       1       0       263
419     0       0       0       556
419     1       1       0       510
420     0       0       0       87
420     1       0       0       290
421     0       0       0       384
421     1       1       1       466
422     0       0       1       916
422     1       1       1       676
423     0       0       0       566
423     1       0       1       415
424     0       0       1       951
424     1       1       1       913
425     0       0       1       288
425     1       1       0       591
426     0       0       1       242
426     1       1       1       651
427     0       1       0       542
427     1       0       1       634
428     0       1       1       474
428     1       0       0       434
429     0       1       1       8
429     1       1       0       495
430     0       0       1       424
430     1       1       0       794
431     0       1       1       307
431     1       0       1       855
432     0       0       0       129
432     1       1       0       477
433     0       0       1       41
433     1       1       0       599
434     0       1       0       327
434     1       1       0       325
435     0       0       0       752
435     1       1       0       698
436     0       0       1       429
436     1       1       1       311
437     0       1       1       498
437     1       1       1       217
438     0       1       0       677
438     1       1       1       158
439     0       1       1       6
439     1       0       1       765
440     0       0       1       556
440     1       1       1       189
441     0       1       1       822
441     1       0       0       785
442     0       0       0       50
442     1       0       0       312
443     0       0       1       226
443     1       1       1       871
444     0       0       0       128
444     1       1       1       885
445     0       1       1       653
445     1       1       1       592
446     0       1       0       247
446     1       0       1       421
447     0       1       1       938
447     1       1       0       363
448     0       1       0       415
448     1       0       0       216
449     0       1       0       798
449     1       0       1       202
450     0       1       0       696
450     1       1       0       237
451     0       1       1       45
451     1       0       1       21
452     0       0       0       304
452     1       1       1       788
453     0       0       1       833
453     1       1       1       114
454     0       0       1       974
454     1       0       1       1
455     0       0       0       951
455     1       1       1       935
456     0       1       0       558
456     1       0       0       124
457     0       0       0       14
457     1       0       1       995
458     0       0       1       468
458     1       0       1       704
459     0       1       1       763
459     1       1       1       198
460     0       1       1       521
460     1       1       1       839
461     0       1       1       170
461     1       1       1       373
462     0       1       0       545
462     1       0       0       582
463     0       1       1       437
463     1       0       1       798
464     0       0       1       906
464     1       1       0       962
465     0       1       0       977
465     1       0       0       810
466     0       1       0       801
466     1       0       1       243
467     0       1       0       37
467     1       1       1       6
468     0       1       0       874
468     1       1       0       631
469     0       0       1       688
469     1       1       0       263
470     0       1       0       128
470     1       1       1       506
471     0       0       0       380
471     1       1       1       121
472     0       1       1       970
472     1       0       0       230
473     0       0       0       473
473     1       1       0       999
474     0       1       0       9
474     1       0       0       686
475     0       0       0       861
475     1       0       1       452
476     0       0       1       96
476     1       0       0       101
477     0       1       0       582
477     1       1       0       66
478     0       0       1       696
478     1       0       1       881
479     0       0       1       270
479     1       0       1       11
480     0       1       0       667
480     1       1       0       997
481     0       0       0       809
481     1       1       0       330
482     0       1       0       972
482     1       0       1       515
483     0       0       1       8
483     1       0       0       96
484     0       1       0       170
484     1       0       0       181
485     0       0       1       389
485     1       1       1       213
486     0       1       0       193
486     1       0       1       933
487     0       0       1       18
487     1       1       1       775
488     0       0       0       775
488     1       1       0       762
489     0       0       0       584
489     1       0       1       595
490     0       1       1       467
490     1       0       0       601
491     0       0       0       238
491     1       1       0       371
492     0       0       0       186
492     1       0       0       816
493     0       0       1       588
493     1       1       0       957
494     0       0       0       94
494     1       1       1       997
495     0       1       1       110
495     1       1       0       423
496     0       1       0       225
496     1       1       1       582
497     0       0       0       236
497     1       1       1       895
498     0       1       1       270
498     1       0       0       850
499     0       0       1       261
499     1       0       1       886
500     0       1       1       449
500     1       1       1       332
501     0       1       0       957
501     1       1       1       156
502     0       0       0       588
502     1       0       0       417
503     0       0       1       886
503     1       1       0       218
504     0       1       1       534
504     1       0       1       505
505     0       0       1       814
505     1       0       1       653
506     0       0       0       241
506     1       0       0       2
507     0       0       0       960
507     1       1       1       608
508     0       1       0       45
508     1       0       1       632
509     0       0       0       179
509     1       1       1       752
510     0       1       1       613
510     1       0       1       68
511     0       0       1       37
511     1       1       1       894
512     0       1       0       784
512     1       0       0       750
513     0       0       0       548
513     1       0       1       829
514     0       0       1       925
514     1       0       1       880
515     0       0       1       488
515     1       1       0       103
516     0       1       1       125
516     1       0       1       541
517     0       0       1       318
517     1       1       0       104
518     0       0       0       256
518     1       1       0       231
519     0       0       1       792
519     1       1       1       905
520     0       1       1       217
520     1       1       0       765
521     0       1       1       213
521     1       1       1       668
522     0       1       0       862
522     1       1       1       290
523     0       1       0       67
523     1       1       1       899
524     0       1       1       472
524     1       0       0       998
525     0       0       1       507
525     1       0       1       453
526     0       0       1       822
526     1       0       1       67
527     0       1       1       684
527     1       0       0       84
528     0       0       0       165
528     1       0       0       182
529     0       0       0       873
529     1       0       1       686
530     0       1       0       92
530     1       1       0       647
531     0       0       1       723
531     1       0       1       998
532     0       0       1       825
532     1       0       0       477
533     0       0       1       587
533     1       1       0       65
534     0       0       1       75
534     1       0       1       171
535     0       0       1       255
535     1       1       0       913
536     0       0       0       427
536     1       1       0       237
537     0       0       0       913
537     1       0       1       244
538     0       1       0       425
538     1       0       0       515
539     0       1       0       382
539     1       0       0       528
540     0       1       0       650
540     1       0       1       214
541     0       1       1       242
541     1       1       1       249
542     0       1       0       346
542     1       0       1       317
543     0       0       0       310
543     1       1       1       731
544     0       0       1       880
544     1       1       0       835
545     0       1       0       571
545     1       1       0       305
546     0       0       0       526
546     1       0       0       335
547     0       1       1       331
547     1       1       0       560
548     0       1       1       919
548     1       1       1       925
549     0       1       1       344
549     1       0       0       722
550     0       1       1       100
550     1       1       0       49
551     0       0       0       332
551     1       1       0       498
552     0       1       1       822
552     1       1       1       606
553     0       0       1       96
553     1       0       1       930
554     0       0       0       395
554     1       1       0       422
555     0       1       0       465
555     1       0       0       635
556     0       1       0       925
556     1       1       1       162
557     0       0       0       271
557     1       1       0       351
558     0       1       1       956
558     1       0       1       586
559     0       1       1       7
559     1       1       1       685
560     0       1       1       726
560     1       0       1       644
561     0       0       1       376
561     1       1       1       270
562     0       0       0       192
562     1       1       1       940
563     0       0       0       588
563     1       0       0       526
564     0       1       1       251
564     1       1       1       623
565     0       1       0       945
565     1       1       0       697
566     0       1       0       693
566     1       0       1       123
567     0       0       1       96
567     1       0       0       514
568     0       1       1       904
568     1       0       0       232
569     0       1       0       321
569     1       1       0       885
570     0       1       0       472
570     1       0       1       22
571     0       1       0       143
571     1       0       1       152
572     0       0       0       277
572     1       0       0       435
573     0       1       0       671
573     1       0       0       903
574     0       1       0       186
574     1       0       0       130
575     0       1       1       774
575     1       0       0       241
576     0       0       1       111
576     1       0       1       152
577     0       0       0       414
577     1       0       0       821
578     0       1       0       135
578     1       0       1       997
579     0       1       1       14
579     1       0       0       772
580     0       1       1       952
580     1       0       1       26
581     0       0       0       14
581     1       0       0       908
582     0       1       0       44
582     1       0       1       962
583     0       1       1       220
583     1       0       1       893
584     0       1       1       629
584     1       0       1       129
585     0       1       0       750
585     1       1       1       65
586     0       0       0       200
586     1       1       0       108
587     0       1       0       796
587     1       1       0       962
588     0       0       0       420
588     1       1       1       93
589     0       1       1       563
589     1       1       0       817
590     0       0       0       893
590     1       1       1       551
591     0       0       1       498
591     1       0       0       52
592     0       0       1       919
592     1       0       0       543
593     0       1       0       717
593     1       0       0       466
594     0       1       1       553
594     1       1       0       771
595     0       0       0       909
595     1       0       0       826
596     0       0       0       734
596     1       1       0       952
597     0       1       1       90
597     1       0       1       731
598     0       1       1       475
598     1       1       0       801
599     0       1       1       377
599     1       0       0       698
600     0       1       0       607
600     1       0       1       480
601     0       1       1       983
601     1       0       0       14
602     0       1       0       626
602     1       1       1       55
603     0       1       1       921
603     1       0       1       391
604     0       1       1       345
604     1       1       1       855
605     0       0       1       311
605     1       1       1       228
606     0       0       1       70
606     1       1       0       22
607     0       1       1       548
607     1       1       0       294
608     0       1       1       586
608     1       1       1       882
609     0       0       1       11
609     1       1       0       802
610     0       1       1       248
610     1       0       0       373
611     0       1       1       423
611     1       0       1       355
612     0       1       0       183
612     1       1       1       430
613     0       1       0       792
613     1       0       1       307
614     0       1       0       128
614     1       1       0       193
615     0       1       1       444
615     1       0       1       360
616     0       1       0       118
616     1       1       1       492
617     0       1       0       469
617     1       1       1       506
618     0       1       0       188
618     1       0       1       602
619     0       0       1       465
619     1       1       0       310
620     0       1       1       644
620     1       1       1       955
621     0       0       0       660
621     1       1       1       764
622     0       1       1       576
622     1       0       0       980
623     0       0       1       738
623     1       1       0       478
624     0       1       0       258
624     1       1       0       908
625     0       0       0       104
625     1       0       1       648
626     0       1       0       175
626     1       1       1       30
627     0       1       0       205
627     1       0       1       920
628     0       1       1       707
628     1       1       1       937
629     0       1       1       889
629     1       0       0       803
630     0       0       1       187
630     1       1       0       716
631     0       1       0       131
631     1       0       0       677
632     0       1       0       540
632     1       0       0       372
633     0       0       0       846
633     1       1       1       788
634     0       1       1       668
634     1       1       1       958
635     0       1       0       196
635     1       0       0       164
636     0       0       0       153
636     1       0       1       141
637     0       0       0       484
637     1       0       1       959
638     0       0       0       847
638     1       1       1       452
639     0       1       0       860
639     1       1       0       703
640     0       1       1       630
640     1       1       0       794
641     0       0       1       807
641     1       1       1       649
642     0       0       0       779
642     1       0       1       346
643     0       1       1       281
643     1       0       1       347
644     0       0       0       813
644     1       1       0       100
645     0       1       0       921
645     1       0       1       982
646     0       1       0       735
646     1       1       0       558
647     0       1       1       339
647     1       1       0       757
648     0       1       0       261
648     1       1       0       992
649     0       1       0       562
649     1       0       1       170
650     0       0       0       794
650     1       1       1       509
651     0       1       1       401
651     1       0       1       290
652     0       0       0       683
652     1       0       1       390
653     0       0       1       251
653     1       0       1       880
654     0       0       1       589
654     1       0       0       720
655     0       0       1       839
655     1       1       0       31
656     0       1       1       87
656     1       0       0       963
657     0       1       1       91
657     1       0       0       726
658     0       0       1       476
658     1       0       1       833
659     0       0       0       129
659     1       0       1       535
660     0       0       0       622
660     1       0       1       38
661     0       0       0       703
661     1       1       1       585
662     0       1       1       66
662     1       1       0       545
663     0       1       0       580
663     1       0       0       963
664     0       1       1       631
664     1       0       1       938
665     0       0       1       497
665     1       0       0       488
666     0       0       1       251
666     1       1       0       721
667     0       0       1       968
667     1       0       0       802
668     0       0       0       979
668     1       0       0       47
669     0       1       1       795
669     1       0       1       694
670     0       1       0       277
670     1       1       1       179
671     0       1       1       221
671     1       1       1       413
672     0       0       0       29
672     1       0       1       281
673     0       0       1       300
673     1       1       0       864
674     0       0       0       35
674     1       1       0       336
675     0       1       1       731
675     1       1       0       660
676     0       0       0       87
676     1       1       0       812
677     0       0       0       707
677     1       1       0       70
678     0       1       0       212
678     1       0       0       620
679     0       1       1       147
679     1       1       1       632
680     0       1       1       752
680     1       1       1       567
681     0       1       1       965
681     1       1       0       333
682     0       1       0       822
682     1       0       0       434
683     0       0       0       705
683     1       1       1       74
684     0       1       0       245
684     1       1       1       149
685     0       0       0       54
685     1       0       1       930
686     0       1       0       289
686     1       0       1       981
687     0       0       1       485
687     1       1       0       371
688     0       0       1       427
688     1       1       0       629
689     0       1       1       891
689     1       0       1       813
690     0       1       0       46
690     1       0       1       215
691     0       0       1       674
691     1       0       1       741
692     0       0       1       187
692     1       1       0       454
693     0       0       0       388
693     1       1       0       505
694     0       0       0       945
694     1       0       1       198
695     0       0       0       431
695     1       1       1       77
696     0       1       1       487
696     1       1       0       664
697     0       1       0       183
697     1       1       0       259
698     0       1       0       787
698     1       0       0       792
699     0       0       1       840
699     1       0       1       562
700     0       0       1       634
700     1       1       0       29
701     0       1       0       729
701     1       1       0       59
702     0       1       1       128
702     1       0       1       934
703     0       0       0       98
703     1       1       0       373
704     0       0       1       977
704     1       1       0       533
705     0       1       1       750
705     1       0       1       493
706     0       1       0       301
706     1       1       1       782
707     0       0       0       476
707     1       0       0       393
708     0       0       1       464
708     1       0       0       266
709     0       1       0       622
709     1       0       1       131
710     0       0       0       557
710     1       1       0       562
711     0       0       1       82
711     1       0       0       300
712     0       1       0       839
712     1       0       1       795
713     0       0       0       346
713     1       1       1       77
714     0       1       1       652
714     1       0       0       594
715     0       1       0       531
715     1       1       1       246
716     0       1       0       534
716     1       0       0       403
717     0       1       0       866
717     1       0       0       233
718     0       1       0       878
718     1       0       0       414
719     0       0       0       969
719     1       0       0       484
720     0       1       1       967
720     1       0       1       357
721     0       1       1       242
721     1       0       0       436
722     0       0       1       43
722     1       0       1       195
723     0       1       1       827
723     1       0       1       122
724     0       1       0       718
724     1       0       1       666
725     0       1       1       963
725     1       1       0       708
726     0       0       1       622
726     1       1       1       840
727     0       0       0       953
727     1       1       1       129
728     0       1       0       774
728     1       0       1       189
729     0       1       0       499
729     1       1       1       279
730     0       0       1       765
730     1       0       0       114
731     0       1       0       95
731     1       0       1       979
732     0       1       0       959
732     1       1       0       684
733     0       1       0       454
733     1       0       0       949
734     0       1       0       630
734     1       0       1       922
735     0       1       1       508
735     1       1       1       244
736     0       1       1       796
736     1       1       0       793
737     0       1       1       551
737     1       1       1       749
738     0       0       1       507
738     1       0       1       887
739     0       1       1       918
739     1       1       1       234
740     0       0       0       560
740     1       0       0       603
741     0       0       0       875
741     1       0       1       920
742     0       1       1       877
742     1       0       0       178
743     0       1       1       154
743     1       1       1       758
744     0       1       1       635
744     1       1       0       901
745     0       0       1       463
745     1       1       1       575
746     0       1       0       966
746     1       1       0       748
747     0       0       0       566
747     1       1       0       273
748     0       0       1       112
748     1       1       0       582
749     0       1       0       479
749     1       1       1       545
750     0       0       1       350
750     1       0       0       718
751     0       1       1       687
751     1       0       1       313
752     0       1       1       717
752     1       0       1       570
753     0       0       1       369
753     1       0       0       784
754     0       1       1       885
754     1       1       0       772
755     0       0       0       730
755     1       0       0       919
756     0       0       1       938
756     1       0       1       809
757     0       0       1       979
757     1       1       1       42
758     0       1       1       287
758     1       1       1       265
759     0       1       1       790
759     1       1       1       107
760     0       1       1       103
760     1       1       0       104
761     0       0       0       74
761     1       1       1       666
762     0       0       1       935
762     1       0       1       339
763     0       1       0       589
763     1       1       0       563
764     0       0       0       523
764     1       1       0       378
765     0       0       1       348
765     1       1       0       638
766     0       1       1       834
766     1       1       0       29
767     0       1       0       323
767     1       0       1       852
768     0       1       0       637
768     1       1       0       638
769     0       1       1       303
769     1       0       0       363
770     0       1       1       355
770     1       1       1       598
771     0       0       0       268
771     1       0       0       480
772     0       1       0       965
772     1       1       0       31
773     0       0       0       631
773     1       0       0       976
774     0       0       1       945
774     1       0       1       616
775     0       0       0       859
775     1       1       0       783
776     0       1       0       400
776     1       0       1       185
777     0       0       1       595
777     1       0       1       993
778     0       0       1       972
778     1       1       0       416
779     0       1       0       941
779     1       0       0       828
780     0       1       0       860
780     1       1       0       884
781     0       0       1       977
781     1       0       1       591
782     0       0       0       826
782     1       1       0       602
783     0       0       0       820
783     1       0       1       155
784     0       1       1       689
784     1       1       0       459
785     0       0       1       279
785     1       0       1       596
786     0       1       1       426
786     1       0       0       423
787     0       1       0       523
787     1       0       0       172
788     0       0       1       528
788     1       1       1       26
789     0       0       0       892
789     1       0       0       334
790     0       1       0       682
790     1       0       0       237
791     0       0       0       452
791     1       0       1       351
792     0       1       0       41
792     1       0       0       172
793     0       1       1       874
793     1       1       1       244
794     0       1       0       820
794     1       1       0       992
795     0       1       1       71
795     1       0       0       869
796     0       1       1       749
796     1       1       1       710
797     0       0       0       200
797     1       0       1       584
798     0       0       1       481
798     1       1       1       312
799     0       1       1       779
799     1       1       0       647
800     0       1       1       448
800     1       0       0       426
801     0       0       0       41
801     1       0       1       859
802     0       1       0       530
802     1       1       1       552
803     0       0       1       957
803     1       0       1       100
804     0       0       1       218
804     1       0       0       809
805     0       0       0       104
805     1       0       0       85
806     0       1       1       155
806     1       1       0       563
807     0       0       1       575
807     1       0       0       540
808     0       1       1       900
808     1       1       1       870
809     0       0       1       357
809     1       0       1       120
810     0       1       1       894
810     1       1       0       86
811     0       0       0       277
811     1       0       0       685
812     0       0       1       568
812     1       0       1       944
813     0       0       1       450
813     1       0       1       96
814     0       1       0       933
814     1       1       1       132
815     0       0       1       217
815     1       0       1       210
816     0       1       0       113
816     1       0       0       774
817     0       1       0       473
817     1       0       1       931
818     0       1       1       719
818     1       1       1       455
819     0       1       0       704
819     1       1       1       459
820     0       1       1       336
820     1       1       0       292
821     0       1       1       23
821     1       1       0       586
822     0       1       1       982
822     1       1       1       520
823     0       0       0       342
823     1       0       1       641
824     0       0       1       574
824     1       0       1       133
825     0       0       1       296
825     1       1       1       897
826     0       0       0       264
826     1       0       0       580
827     0       0       0       969
827     1       0       0       944
828     0       0       1       667
828     1       1       0       859
829     0       1       0       324
829     1       0       1       61
830     0       0       1       691
830     1       0       1       660
831     0       0       0       215
831     1       0       1       21
832     0       1       0       491
832     1       0       1       466
833     0       0       1       882
833     1       0       1       80
834     0       1       0       781
834     1       0       0       509
835     0       1       0       260
835     1       0       0       854
836     0       0       1       396
836     1       1       0       669
837     0       0       0       253
837     1       1       0       223
838     0       0       0       68
838     1       1       0       107
839     0       0       1       150
839     1       1       1       820
840     0       1       1       209
840     1       1       0       414
841     0       0       1       651
841     1       0       0       617
842     0       1       1       522
842     1       0       1       89
843     0       1       0       389
843     1       1       0       453
844     0       1       0       104
844     1       0       0       708
845     0       0       0       417
845     1       1       1       927
846     0       1       0       631
846     1       1       1       114
847     0       1       1       55
847     1       1       1       171
848     0       0       0       940
848     1       1       1       142
849     0       1       0       149
849     1       0       0       744
850     0       1       0       509
850     1       1       1       90
851     0       1       1       994
851     1       0       1       757
852     0       0       1       421
852     1       0       0       462
853     0       1       0       763
853     1       1       0       915
854     0       0       0       315
854     1       1       0       813
855     0       1       1       948
855     1       0       0       481
856     0       1       0       729
856     1       1       1       781
857     0       0       1       53
857     1       1       1       213
858     0       1       1       720
858     1       1       1       184
859     0       0       1       944
859     1       0       1       665
860     0       1       1       781
860     1       0       0       228
861     0       1       1       399
861     1       0       0       470
862     0       0       0       487
862     1       1       1       619
863     0       1       1       760
863     1       1       0       99
864     0       1       0       271
864     1       1       0       740
865     0       0       1       522
865     1       0       1       945
866     0       0       0       327
866     1       1       1       314
867     0       0       0       43
867     1       1       0       710
868     0       1       0       188
868     1       1       0       553
869     0       0       1       153
869     1       1       0       594
870     0       0       1       358
870     1       0       0       714
871     0       0       0       374
871     1       1       0       298
872     0       0       0       701
872     1       1       0       322
873     0       0       0       116
873     1       1       1       100
874     0       0       0       380
874     1       0       1       1
875     0       0       1       727
875     1       0       0       73
876     0       0       0       785
876     1       1       0       787
877     0       0       1       115
877     1       1       1       967
878     0       0       0       685
878     1       1       1       798
879     0       0       1       466
879     1       0       0       255
880     0       0       0       869
880     1       1       0       694
881     0       0       1       636
881     1       1       1       124
882     0       0       1       416
882     1       1       1       867
883     0       0       1       695
883     1       1       0       262
884     0       1       1       163
884     1       0       0       504
885     0       1       0       404
885     1       1       0       400
886     0       1       0       385
886     1       0       0       796
887     0       1       1       904
887     1       1       1       30
888     0       1       0       359
888     1       0       0       162
889     0       1       1       245
889     1       0       1       444
890     0       0       0       442
890     1       0       1       756
891     0       0       0       88
891     1       1       0       451
892     0       0       0       754
892     1       1       1       384
893     0       1       0       978
893     1       0       0       25
894     0       0       0       991
894     1       0       0       48
895     0       1       0       454
895     1       1       1       912
896     0       0       1       575
896     1       1       1       19
897     0       1       0       157
897     1       1       1       487
898     0       0       0       356
898     1       1       0       204
899     0       0       1       633
899     1       1       1       712
900     0       0       0       762
900     1       1       0       229
901     0       1       1       882
901     1       1       1       462
902     0       0       1       596
902     1       1       1       489
903     0       1       1       44
903     1       0       1       935
904     0       1       1       240
904     1       0       1       845
905     0       1       0       724
905     1       1       1       20
906     0       1       0       819
906     1       1       1       669
907     0       1       1       811
907     1       0       1       226
908     0       1       0       449
908     1       1       1       837
909     0       0       0       334
909     1       1       1       993
910     0       0       1       827
910     1       1       0       340
911     0       1       1       409
911     1       1       0       317
912     0       0       1       168
912     1       1       0       753
913     0       1       0       834
913     1       1       1       716
914     0       0       1       75
914     1       1       0       741
915     0       1       1       331
915     1       1       0       284
916     0       1       1       770
916     1       1       0       261
917     0       0       1       49
917     1       0       1       620
918     0       1       0       655
918     1       1       1       32
919     0       1       1       805
919     1       0       0       651
920     0       1       1       324
920     1       1       1       285
921     0       0       0       347
921     1       0       1       924
922     0       1       0       20
922     1       1       0       805
923     0       1       0       672
923     1       0       0       641
924     0       0       1       204
924     1       1       0       304
925     0       1       1       916
925     1       1       0       45
926     0       0       1       284
926     1       1       1       740
927     0       1       1       28
927     1       1       1       833
928     0       0       0       483
928     1       0       1       980
929     0       1       0       873
929     1       1       0       316
930     0       0       0       413
930     1       1       0       18
931     0       0       0       954
931     1       0       0       564
932     0       1       1       427
932     1       1       1       112
933     0       1       1       429
933     1       1       0       262
934     0       0       0       480
934     1       0       0       642
935     0       0       1       934
935     1       0       0       747
936     0       0       1       972
936     1       0       0       669
937     0       1       1       475
937     1       1       0       741
938     0       1       0       341
938     1       1       1       224
939     0       1       0       400
939     1       0       1       569
940     0       1       1       48
940     1       0       0       168
941     0       0       1       996
941     1       1       1       144
942     0       0       1       179
942     1       0       0       824
943     0       1       0       477
943     1       1       0       413
944     0       0       1       480
944     1       1       0       886
945     0       1       0       538
945     1       1       1       705
946     0       1       0       470
946     1       1       0       461
947     0       1       0       946
947     1       1       0       137
948     0       0       1       57
948     1       0       0       928
949     0       1       1       435
949     1       1       1       983
950     0       0       1       931
950     1       0       0       382
951     0       0       1       985
951     1       0       1       977
952     0       0       1       195
952     1       0       1       113
953     0       0       0       202
953     1       0       1       216
954     0       1       0       552
954     1       1       1       982
955     0       0       0       428
955     1       1       1       236
956     0       0       0       569
956     1       0       1       294
957     0       0       1       699
957     1       0       0       438
958     0       0       1       806
958     1       0       0       573
959     0       0       1       668
959     1       0       0       361
960     0       1       1       21
960     1       1       1       734
961     0       1       0       721
961     1       1       0       178
962     0       0       0       666
962     1       1       1       215
963     0       0       1       552
963     1       0       1       114
964     0       0       0       651
964     1       0       1       938
965     0       1       0       77
965     1       0       1       773
966     0       0       0       106
966     1       0       0       147
967     0       0       0       875
967     1       1       1       31
968     0       0       1       747
968     1       1       0       119
969     0       1       1       268
969     1       1       1       633
970     0       1       1       777
970     1       0       0       423
971     0       0       1       385
971     1       0       1       29
972     0       1       0       445
972     1       0       0       294
973     0       1       0       728
973     1       1       1       275
974     0       1       0       179
974     1       0       0       541
975     0       1       0       529
975     1       0       0       650
976     0       1       0       155
976     1       1       0       225
977     0       0       0       157
977     1       1       1       422
978     0       1       1       61
978     1       1       1       836
979     0       1       1       750
979     1       1       1       38
980     0       1       0       3
980     1       1       0       776
981     0       0       0       764
981     1       0       0       73
982     0       1       1       605
982     1       1       0       222
983     0       1       1       146
983     1       0       0       785
984     0       0       1       580
984     1       1       0       748
985     0       0       1       764
985     1       0       1       678
986     0       1       0       471
986     1       0       1       907
987     0       1       0       737
987     1       1       1       247
988     0       0       1       480
988     1       1       0       458
989     0       0       1       18
989     1       0       1       54
990     0       0       1       216
990     1       0       1       914
991     0       1       0       251
991     1       0       0       442
992     0       1       0       255
992     1       0       0       969
993     0       0       1       587
993     1       0       0       13
994     0       1       1       658
994     1       1       1       880
995     0       1       0       978
995     1       1       0       978
996     0       1       0       226
996     1       1       0       53
997     0       0       0       199
997     1       0       1       805
998     0       0       1       121
998     1       0       1       428
999     0       1       0       106
999     1       1       0       111
1000    0       1       0       663
1000    1       1       1       648

Fitness Score       : 54606.668
Halted              : NIL
Sigma               : 1000
Shifts              : 1000
Last State          : 1
Last Position       : 1000
Length Traversed    : 1001
Avg Block Size      : 1000.0
Max Block Size      : 1000
Condensed Tape: (1000)
**************************************************
