
******** Search completed in 170.252 secs ********

Population size  : 200
Generations      : 20
Mutation Rate    : 1/5
Machine States   : 1000
Shift Limit      : 1000
Fitness weights: 
  Weight a   : 1/50
  Weight b   : 1/20
  Weight c   : 1/50
  Weight d   : 1/30
  Weight e   : 1200
  Weight f   : 1/50
  Weight g   : 1/30
  Weight h   : 1
  Weight i   : 700

**************************************************


******************* best fit *********************
Machine #: (1 1 823 1 0 143 1 0 385 1 1 161 0 1 632 0 1 247 1 0 491 0 1 529 0 1 92 0 0 664
 1 0 419 1 1 381 0 0 811 1 1 113 1 1 806 0 0 10 0 0 864 0 1 466 1 1 821 0 1 398
 0 0 252 1 1 773 1 0 272 0 1 439 0 1 56 1 1 967 0 0 616 1 0 115 1 0 279 1 0 874
 0 1 536 1 0 204 0 0 527 0 0 906 0 1 730 0 1 230 1 0 432 0 1 54 1 0 733 1 0 973
 0 1 910 1 0 919 1 0 756 0 1 456 0 1 159 1 0 967 1 0 273 1 0 126 1 0 415 1 1
 536 0 1 225 0 0 583 0 0 169 0 1 193 1 0 873 1 0 65 0 0 1000 0 1 98 0 1 98 0 1
 459 1 1 17 0 1 256 0 1 186 1 1 884 1 1 541 1 1 530 1 1 825 0 0 221 0 0 88 1 0
 672 1 0 180 1 1 904 0 1 174 0 0 984 0 1 798 0 0 433 1 0 805 0 1 228 1 1 270 0
 1 512 0 1 41 1 1 596 0 1 754 1 1 378 1 0 672 0 0 173 1 1 484 1 1 655 0 0 337 1
 1 230 1 0 332 0 1 658 0 1 887 0 0 517 1 0 878 1 1 111 1 0 319 0 0 51 0 0 727 0
 0 427 1 0 17 0 1 783 0 0 948 1 0 582 0 0 846 0 0 298 1 0 248 1 1 595 1 0 886 0
 1 715 1 0 521 1 0 21 0 0 704 1 1 766 0 0 575 0 1 74 0 0 755 1 1 435 0 1 931 0
 0 371 0 0 591 1 0 335 0 0 375 1 1 396 1 1 261 0 0 670 1 0 925 1 1 944 1 1 952
 1 0 88 0 1 801 0 0 865 0 1 936 0 0 721 1 1 247 1 0 584 0 0 555 1 1 306 0 1 648
 0 1 470 1 0 174 1 1 916 0 1 294 0 1 465 1 1 321 0 1 747 1 0 367 1 0 333 0 0
 436 1 0 287 1 0 577 1 1 464 1 0 65 1 1 220 0 0 681 0 1 883 1 1 173 1 0 233 1 1
 54 1 0 590 0 0 521 1 0 289 0 0 258 1 0 830 0 1 253 0 1 753 1 0 882 1 0 937 0 0
 297 0 0 510 0 1 946 0 0 55 1 0 935 0 1 891 1 1 167 1 0 834 1 0 925 1 1 783 1 1
 796 1 1 575 0 1 977 1 0 54 0 1 431 1 1 342 0 0 217 0 0 486 1 1 146 0 0 696 0 0
 733 1 0 169 1 1 479 1 0 758 1 1 311 0 0 926 1 0 309 1 0 780 0 0 834 1 1 552 1
 0 383 0 1 576 1 0 177 0 0 592 1 0 505 0 1 175 0 0 112 1 0 739 0 0 823 1 0 947
 0 1 511 1 1 24 0 1 965 1 0 873 0 0 679 0 0 498 0 0 290 0 0 12 1 0 357 1 0 768
 0 0 507 0 0 906 0 1 636 1 0 42 0 0 801 1 1 809 1 1 813 1 0 658 0 0 475 0 0 477
 1 0 355 1 0 602 1 1 150 0 1 599 0 0 66 1 1 792 0 0 947 0 1 806 0 1 917 0 1 258
 0 1 535 0 0 385 0 0 667 0 1 219 0 0 186 1 0 696 0 1 419 1 0 707 0 1 146 0 0
 100 0 1 200 1 0 576 1 1 713 0 1 244 1 1 109 1 0 860 1 0 980 1 1 854 0 1 765 0
 1 467 1 0 783 0 1 117 0 1 783 0 0 239 1 0 781 1 1 263 0 0 220 1 1 240 1 1 909
 0 0 333 0 0 945 0 1 183 1 1 563 0 1 570 0 0 363 1 1 968 1 0 739 0 1 970 0 1
 202 1 1 743 0 0 580 1 0 761 1 0 525 1 0 82 0 1 310 1 0 938 0 0 13 0 0 888 0 1
 970 0 1 837 1 0 713 0 1 930 1 0 40 1 0 571 0 1 51 1 0 811 1 0 978 0 1 596 0 1
 151 1 0 572 1 0 945 1 0 515 1 0 368 1 1 265 0 1 116 0 0 649 0 0 77 0 1 231 1 0
 906 1 0 106 0 0 896 0 1 670 0 1 709 0 1 763 1 1 578 0 1 519 0 1 286 1 1 719 1
 1 201 1 1 575 1 1 345 0 0 89 0 0 550 1 0 771 1 0 652 1 1 679 0 1 739 0 0 710 0
 1 371 0 0 815 1 0 62 0 1 333 1 1 361 0 1 177 0 1 30 1 1 974 0 1 590 1 1 353 1
 0 180 0 0 976 1 1 705 1 1 756 0 0 259 1 1 976 1 0 867 0 1 965 0 1 61 0 0 185 1
 0 57 1 1 357 1 0 907 0 0 494 0 0 187 0 0 735 1 0 602 0 1 875 0 0 692 1 0 199 0
 0 519 0 0 809 1 0 385 1 1 280 1 0 183 0 1 425 1 0 695 1 0 174 0 0 173 1 1 866
 0 0 399 0 1 83 0 0 423 1 1 500 0 1 537 0 0 908 0 0 114 1 0 365 0 0 674 1 1 456
 1 1 934 0 0 848 1 0 486 1 1 959 1 1 500 1 0 185 0 1 732 0 0 259 0 1 934 0 0
 131 1 1 591 1 0 947 0 0 449 1 1 269 0 1 31 0 1 804 1 0 483 1 1 450 0 1 794 0 1
 44 1 1 722 0 1 152 1 0 332 1 0 887 0 0 857 1 0 703 1 0 209 1 1 655 1 0 424 1 1
 538 0 0 499 0 1 34 1 1 0 1 0 544 1 1 220 1 0 474 0 0 468 1 0 94 0 0 503 1 0 36
 0 1 381 0 1 580 1 0 546 1 0 303 0 0 711 0 0 659 0 1 624 0 0 771 1 0 372 0 1
 655 1 1 950 1 0 654 1 0 714 1 1 252 1 1 78 1 1 920 0 1 138 1 0 421 0 1 739 1 1
 646 0 0 320 0 0 291 1 1 904 0 0 376 0 0 329 1 0 667 1 1 360 1 0 824 1 1 890 0
 0 990 1 0 876 1 0 689 0 0 498 1 1 15 1 0 689 0 1 503 1 0 79 0 0 370 1 0 204 0
 1 973 0 0 848 1 0 331 0 0 850 1 0 308 1 0 547 0 0 525 1 1 472 1 1 697 0 1 883
 1 0 233 1 1 334 1 1 785 1 1 589 1 0 777 1 1 566 1 1 388 1 1 534 1 0 386 1 0
 716 1 0 645 1 1 597 0 1 841 0 0 960 0 0 903 1 1 767 1 1 507 1 1 748 0 0 613 1
 1 334 1 0 662 0 0 536 0 0 654 0 1 409 0 1 423 0 0 823 0 0 628 0 1 820 1 0 942
 1 1 969 1 1 75 1 1 427 0 0 738 0 0 929 0 1 311 0 0 865 1 0 366 1 1 543 0 1 859
 1 1 67 1 1 686 0 1 201 0 0 948 1 1 98 1 1 397 1 1 217 1 1 903 0 1 236 0 1 45 1
 1 502 0 0 392 1 0 923 0 1 862 0 0 547 0 0 254 1 1 66 0 0 16 0 1 245 0 1 882 0
 0 732 0 0 610 0 0 945 0 0 632 1 1 75 0 0 781 0 1 1 0 1 594 0 1 122 1 0 866 1 0
 700 0 0 191 0 0 317 1 1 29 0 1 819 0 0 735 0 1 119 0 1 627 1 0 648 0 0 470 1 0
 149 1 0 78 1 0 36 1 1 263 1 1 604 1 1 158 0 1 482 1 1 323 1 1 716 0 0 511 0 1
 157 0 1 903 0 0 263 0 0 596 1 1 604 1 1 372 0 1 176 0 0 793 0 1 736 1 0 362 1
 1 122 0 0 403 0 0 670 1 1 787 1 0 565 0 0 973 1 1 963 0 1 356 0 1 495 1 0 625
 1 1 33 0 1 307 0 1 249 1 1 205 0 1 455 1 0 861 1 0 416 0 0 831 1 0 856 1 0 332
 1 1 817 1 0 624 1 1 992 0 0 619 0 1 778 1 1 229 1 0 273 1 1 400 1 0 876 0 0
 751 1 0 680 0 0 501 1 0 233 0 1 314 0 1 106 1 0 507 1 0 850 0 0 30 0 0 772 0 1
 917 0 0 938 1 0 641 0 1 117 1 1 692 1 0 12 1 0 670 1 1 492 1 1 459 1 1 695 0 1
 71 1 0 423 0 1 923 1 1 671 0 0 935 0 0 513 1 1 988 0 0 814 0 0 375 1 0 183 1 1
 904 1 0 272 1 1 508 0 0 571 1 0 704 1 0 563 0 0 318 1 1 757 1 0 846 0 0 307 1
 0 224 1 1 295 0 1 410 1 0 767 1 1 476 1 1 600 1 1 491 1 0 24 1 0 427 0 1 1000
 1 0 423 1 1 634 0 1 890 0 0 188 1 0 447 1 1 44 1 0 522 0 0 941 0 0 226 1 1 804
 0 0 913 0 0 883 1 1 247 1 1 162 1 1 805 1 0 219 1 1 405 0 1 38 1 0 320 0 1 35
 1 0 61 1 1 450 0 0 349 1 0 494 0 1 718 0 1 325 1 0 685 1 1 340 1 1 767 0 0 159
 1 1 776 0 0 535 1 1 857 0 0 904 1 0 801 1 1 72 1 1 179 1 1 309 0 1 903 0 0 257
 1 1 156 1 0 490 0 0 866 0 1 939 1 0 507 1 0 323 0 0 166 0 0 299 0 0 619 1 0
 320 1 1 277 1 0 714 1 1 408 1 0 414 0 1 941 0 1 527 1 0 905 0 0 293 1 0 291 0
 1 80 0 1 872 1 0 405 1 1 652 1 0 541 0 0 947 1 1 512 1 0 772 0 0 869 0 0 804 1
 1 176 0 0 516 1 0 541 1 1 519 1 1 151 1 1 694 0 1 452 1 1 6 1 0 438 1 0 525 1
 1 208 1 0 165 0 1 837 1 1 493 1 0 870 0 0 979 1 1 919 1 1 76 1 1 580 1 0 821 0
 0 832 1 0 766 1 1 472 0 1 94 0 0 101 1 1 260 1 0 594 1 0 62 1 0 967 0 0 591 0
 1 604 0 1 712 0 1 549 0 0 960 0 1 175 0 0 445 0 1 591 0 1 30 0 1 126 0 1 980 0
 1 922 0 0 79 0 0 210 1 1 270 1 1 691 0 1 117 1 1 822 1 0 292 0 0 618 1 1 668 0
 0 405 1 0 293 0 0 410 1 1 937 0 0 320 1 1 248 1 1 479 1 0 101 0 0 153 0 0 954
 0 1 930 1 0 682 0 1 426 1 1 278 0 1 431 1 0 676 0 0 118 1 0 806 1 1 578 1 0
 208 1 0 292 1 0 859 1 0 694 1 1 257 1 0 946 1 1 698 0 0 729 1 0 783 0 1 864 1
 0 675 1 0 556 1 1 173 0 1 557 0 1 752 1 0 422 1 1 53 0 1 9 0 1 83 1 1 863 0 0
 738 1 0 831 0 0 274 1 1 283 0 1 85 0 1 681 1 1 124 0 1 271 0 1 244 1 0 474 0 0
 28 1 0 759 1 0 8 0 0 498 0 0 129 0 1 586 0 1 747 1 0 120 1 1 180 0 0 772 1 0
 749 0 0 186 0 1 548 1 0 1 1 0 323 1 1 780 1 1 732 0 0 603 1 0 759 1 1 896 0 0
 737 1 0 425 1 1 295 1 0 157 0 1 886 0 0 913 1 1 685 0 1 252 1 0 602 1 1 678 1
 0 199 0 0 236 0 1 629 1 0 851 0 0 719 1 0 412 0 0 641 1 0 978 0 0 840 1 0 190
 1 0 60 1 0 759 1 0 400 0 0 506 1 1 411 0 0 126 0 0 895 1 0 739 0 1 541 0 1 346
 1 1 259 0 0 263 1 0 686 0 1 445 0 0 492 0 1 929 0 0 292 0 1 297 1 0 758 0 0
 350 1 1 398 0 0 563 0 1 436 1 0 890 1 1 68 1 0 314 0 0 682 0 0 941 0 1 456 0 1
 57 1 0 826 0 1 234 0 1 75 1 0 522 1 1 78 0 1 736 0 0 770 1 0 149 0 0 662 1 0
 394 1 1 546 0 1 221 1 1 123 1 0 6 0 1 577 1 1 875 0 1 423 1 1 49 0 0 544 1 0
 212 0 0 880 0 1 128 0 0 381 0 0 418 1 1 643 0 1 619 1 1 322 0 1 194 0 1 319 0
 0 174 0 0 158 0 1 541 0 0 122 0 1 443 0 0 99 1 0 665 0 1 735 0 1 514 1 1 502 0
 0 167 0 1 534 0 0 713 0 0 72 0 0 284 1 1 947 0 0 302 1 1 478 1 1 195 1 1 51 0
 0 672 1 1 568 1 1 780 0 1 473 1 1 608 1 1 835 0 0 649 1 0 407 1 0 407 0 0 352
 1 0 1000 1 1 351 1 0 269 1 0 786 0 1 67 1 1 847 0 0 851 1 1 464 1 1 200 1 1
 252 1 0 256 1 0 299 0 0 370 1 1 563 1 1 65 1 1 250 0 0 657 1 0 114 0 1 774 1 1
 750 1 0 175 1 0 143 1 0 178 0 0 281 1 1 639 1 1 69 1 1 941 0 1 863 0 0 490 0 1
 99 0 0 47 0 1 301 1 0 425 1 0 575 1 0 49 1 0 741 0 0 609 0 1 753 1 0 4 0 0 408
 1 0 555 0 1 573 1 1 772 0 1 554 0 0 541 0 1 539 1 1 963 0 1 698 1 0 780 1 0
 123 1 1 30 0 1 812 0 1 249 1 1 857 1 1 545 1 0 11 0 0 310 1 0 735 1 0 158 1 1
 231 0 0 517 1 0 801 1 0 22 1 0 79 0 0 33 0 1 862 0 0 922 0 1 732 1 1 241 1 0
 290 1 0 441 0 1 793 1 0 102 1 0 30 1 1 459 0 1 561 1 0 724 0 0 906 0 1 954 0 0
 557 0 1 354 1 0 639 1 0 635 1 0 955 0 0 884 0 1 72 0 0 579 1 1 46 0 0 943 1 1
 566 0 0 569 1 1 60 1 1 500 0 1 219 1 1 954 1 1 933 1 0 557 1 1 622 0 1 951 0 1
 448 0 1 780 1 0 668 0 1 65 1 1 217 0 0 804 1 0 369 1 1 401 1 1 106 1 0 219 1 0
 190 0 0 531 1 1 707 0 1 731 1 1 933 1 0 929 0 0 329 0 1 865 0 1 988 1 1 373 1
 1 215 0 1 266 0 0 355 0 0 760 1 0 928 1 1 193 1 1 574 0 1 43 0 0 294 1 0 926 1
 1 321 0 1 929 1 0 793 1 1 597 1 1 897 1 1 769 1 0 40 1 0 885 0 1 11 1 0 144 1
 1 903 0 1 688 0 0 501 1 0 711 1 1 634 1 0 237 0 0 608 0 0 933 1 1 354 0 0 365
 0 0 992 1 1 887 1 1 882 1 1 400 1 0 640 1 1 292 0 1 77 1 0 827 0 1 194 1 0 365
 1 1 416 0 0 183 1 0 486 0 1 196 0 1 544 1 0 239 1 1 779 1 1 955 0 0 911 1 1
 518 0 0 976 1 1 946 0 0 217 1 0 725 1 1 18 1 1 139 1 1 585 0 1 323 0 0 889 1 1
 514 1 0 999 0 0 116 0 1 426 1 0 314 1 0 132 0 0 399 0 0 164 0 0 506 1 0 750 1
 1 554 1 0 693 1 1 677 1 0 598 0 1 626 0 1 883 1 0 938 0 0 536 1 0 89 0 1 291 0
 1 978 1 0 836 1 1 777 1 0 841 0 0 475 1 1 628 1 0 34 0 0 533 0 0 310 1 1 764 0
 0 555 1 0 828 1 1 418 1 1 175 1 1 687 0 1 119 1 1 387 1 0 164 1 0 631 1 1 378
 1 0 324 0 1 57 1 1 944 1 0 305 0 0 406 1 1 357 1 1 231 1 1 986 1 0 391 0 0 987
 1 0 860 1 1 142 0 1 756 0 0 801 1 1 979 1 0 247 1 0 417 1 0 178 0 0 987 0 1
 809 0 1 523 0 1 702 0 0 161 0 1 50 0 0 755 0 1 869 0 1 194 0 1 850 0 1 18 0 1
 971 0 0 778 0 0 689 1 1 772 1 1 54 0 1 675 1 1 896 1 0 83 0 0 423 1 1 475 0 0
 330 1 0 942 0 0 872 1 1 594 0 0 476 1 1 92 1 1 885 1 0 76 0 0 777 0 0 501 0 1
 513 1 0 878 0 1 645 1 1 35 0 1 504 1 0 717 0 0 968 1 0 170 1 1 223 1 0 194 1 0
 127 1 0 404 1 0 412 1 1 0 1 0 590 1 1 155 0 0 310 1 0 874 0 1 387 1 0 731 1 0
 642 1 1 658 0 1 468 0 1 926 1 0 624 1 1 609 0 1 317 0 1 460 1 1 405 0 0 527 1
 0 826 0 0 535 1 1 472 0 1 571 0 1 550 1 1 587 0 1 222 0 1 799 1 0 759 0 0 519
 1 0 534 1 0 237 0 0 485 0 0 300 0 1 81 0 1 209 1 0 579 1 1 644 0 0 921 1 0 35
 0 0 53 0 1 253 1 0 57 1 0 493 1 1 123 1 1 465 0 0 717 1 0 238 1 1 756 0 0 772
 1 0 812 1 1 0 1 0 922 0 1 784 0 0 889 1 1 293 0 1 787 1 0 108 1 1 389 1 0 57 0
 0 955 0 1 407 1 0 801 0 0 444 1 0 185 0 0 538 1 0 950 0 0 801 1 0 817 1 0 376
 1 0 830 1 0 883 0 0 887 1 1 315 0 0 345 0 0 4 1 0 891 0 1 105 0 1 172 1 1 291
 0 0 588 1 0 348 0 1 757 0 0 478 0 1 639 0 0 279 0 1 854 1 0 849 0 0 949 1 1
 640 0 0 71 0 1 208 1 0 926 1 1 485 1 0 806 0 0 522 0 0 749 0 1 98 0 1 534 1 0
 428 0 1 330 0 1 5 1 0 230 1 1 323 0 1 85 0 0 522 1 0 874 0 0 666 1 0 915 1 1
 605 0 1 70 1 1 768 1 0 914 0 1 548 1 1 331 0 1 158 1 1 510 0 0 853 1 0 338 0 0
 393 0 1 481 0 0 51 0 0 595 1 1 352 0 1 1000 1 1 865 0 1 616 0 1 659 0 0 159 0
 0 242 0 1 419 0 0 513 0 1 690 0 0 387 1 0 678 0 1 912 0 1 231 1 1 45 0 0 623 0
 1 6 0 0 901 0 0 285 0 0 365 1 1 402 0 0 250 1 1 92 1 1 727 1 1 461 0 0 658 1 1
 202 1 1 213 0 1 674 1 1 630 1 1 757 0 0 462 1 0 251 1 0 997 0 0 975 1 0 589 1
 1 176 1 0 238 1 0 555 0 1 899 1 1 680 0 0 447 1 1 506 1 1 939 1 1 609 1 0 144
 1 0 726 0 0 829 1 1 668 1 1 42 1 1 945 0 0 453 1 0 978 0 1 982 1 1 528 1 0 504
 1 1 978 1 0 552 1 0 857 0 1 722 1 1 321 0 0 749 1 1 331 1 1 427 1 1 867 1 0
 963 1 0 735 0 0 947 1 1 340 1 1 460 1 1 401 0 0 875 1 0 161 0 1 856 1 1 35 1 0
 767 1 0 721 1 0 415 0 0 725 1 1 591 1 1 349 1 1 72 0 1 69 0 0 650 0 1 619 0 0
 383 0 1 93 1 0 748 1 0 825 1 0 928 1 0 505 0 0 241 0 1 599 1 0 509 0 0 741 1 0
 478 0 1 743 1 1 282 0 1 825 0 0 832 0 1 477 1 1 438 0 1 702 1 0 502 1 0 704 1
 1 898 0 1 155 0 1 296 1 1 262 1 1 315 1 0 746 0 0 422 1 0 531 1 0 572 1 1 217
 0 0 874 1 0 438 1 0 834 1 0 908 0 0 439 0 1 235 0 0 965 0 1 48 1 1 818 1 0 491
 1 0 508 0 1 953 1 0 309 1 0 92 1 1 451 0 1 635 1 0 975 0 0 115 0 1 356 0 0 785
 0 1 428 1 0 826 1 0 498 1 0 643 0 0 246 0 1 453 0 0 853 1 1 420 0 0 298 1 1
 850 0 0 672 1 1 478 1 1 324 0 1 216 1 1 838 1 1 934 1 0 81 1 1 645 0 1 322 0 1
 63 0 1 100 1 0 412 0 1 420 1 1 902 0 0 835 1 0 507 1 1 9 1 1 318 1 0 666 1 0
 607 0 0 290 1 1 250 0 1 162 1 1 860 1 0 745 0 0 737 0 1 333 0 1 122 1 1 717 1
 1 207 0 1 585 0 0 472 0 0 532 1 0 2 1 1 170 1 1 889 0 1 745 0 0 815 1 0 741 1
 1 930 0 1 226 1 0 255 1 1 317 1 1 986 0 0 657 1 0 515 0 0 72 1 0 465 1 0 442 1
 0 519 1 0 368 0 0 339 1 1 133 0 0 42 0 0 854 1 0 974 0 1 454 0 1 989 1 1 198 0
 0 972 1 0 471 0 1 560 0 0 899 0 1 137 0 0 492 0 1 752 1 0 561 0 0 737 1 1 7 0
 0 183 0 1 700 1 0 198 1 1 666 1 0 223 0 0 437 0 0 698 0 1 571 0 1 478 1 0 847
 0 1 766 0 1 606 1 0 527 1 1 525 0 1 110 0 0 266 1 0 437 0 0 104 1 0 209 1 1
 499 0 1 795 1 1 290 1 0 252 0 1 784 1 1 92 0 1 121 1 1 901 0 0 479 1 0 898 0 0
 296 0 1 136 0 0 122 0 0 403 1 1 407 0 1 360 1 1 756 0 1 858 0 1 238 0 0 520 0
 0 465 0 1 930 0 0 562 0 1 115 0 0 200 1 0 889 0 1 239 0 1 413 1 1 706 0 0 353
 0 1 733 0 0 421 0 0 833 0 0 878 1 1 946 0 0 442 1 1 318 1 1 214 1 1 498 0 0
 699 1 1 220 1 1 3 0 1 919 1 1 820 1 1 16 0 0 430 1 0 868 1 0 932 0 0 556 1 0
 242 1 1 519 1 0 649 1 0 991 0 1 245 1 1 970 0 0 503 1 1 884 1 1 23 1 1 664 1 0
 231 1 0 546 0 0 398 1 1 962 1 1 93 1 1 741 0 0 401 1 0 959 0 1 638 1 1 697 1 0
 829 1 0 972 1 0 812 0 0 288 1 1 178 1 1 342 1 1 497 0 1 229 0 0 594 0 1 46 0 0
 565 0 1 349 1 0 610 1 0 440 1 0 826 1 0 629 0 0 860 0 1 761 1 0 974 0 0 75 1 0
 272 0 1 207 1 1 500 0 1 983 0 0 729 0 1 114 1 1 299 0 1 398 1 0 385 1 0 949 1
 1 384 0 1 702 0 1 139 0 1 970 0 0 307 0 0 954 1 0 128 0 1 517 0 1 928 0 1 607
 0 1 945 1 1 118 0 1 36 0 1 802 1 0 366 0 0 51 0 1 546 1 1 110 1 1 590 1 0 912
 0 0 329 1 1 979 0 0 188 0 1 963 1 0 35 1 1 940 0 1 68 1 0 935 0 1 310 1 0 825
 1 0 567 1 0 765 1 0 984 0 0 732 0 1 461 0 1 563 1 0 204 1 1 987 1 0 77 1 1 766
 0 0 656 0 1 520 1 1 158 1 1 910 1 0 331 0 0 502 0 1 676 1 0 183 0 0 712 1 0
 851 0 1 697 0 1 275 0 0 202 0 0 828 1 1 364 1 1 962 1 1 466 0 0 420 1 1 296 0
 0 580 0 1 278 0 0 462 0 1 719 1 0 489 0 1 359 0 1 987 0 1 111 1 0 788 0 0 264
 1 1 61 0 1 182 1 0 64 0 1 451 1 1 94 0 1 654 1 0 162 0 1 587 1 1 991 0 1 824 1
 0 507 0 0 457 0 0 324 0 0 953 0 0 677 1 0 497 1 0 659 0 0 650 0 0 312 0 1 42 1
 0 747 0 0 706 1 1 337 1 1 902 1 0 539 0 0 250 0 0 509 1 0 34 1 0 312 1 1 795 0
 1 825 0 0 676 1 1 670 0 0 911 0 1 135 0 1 881 0 1 896 0 1 800 0 0 814 0 0 160
 0 1 384 0 0 218 1 0 505 0 1 615 1 0 95 0 1 894 0 0 888 0 1 995 1 0 222 1 1 314
 0 1 688 1 1 404 1 0 704 1 0 409 1 1 190 0 1 761 0 1 271 1 0 886 0 1 147 0 1
 156 0 0 586 1 0 924 1 1 184 0 0 966 1 1 164 1 1 568 0 0 170 0 0 723 0 1 996 1
 1 767 0 1 948 0 0 114 1 1 526 1 0 778 0 1 543 0 1 664 1 1 327 0 0 576 1 0 819
 1 0 636 1 0 464 0 1 909 1 0 533 0 0 70 0 0 593 0 1 850 0 1 931 1 0 508 0 1 445
 1 0 391 1 0 479 0 1 752 1 0 187 1 0 493 0 1 747 0 1 553 1 0 34 1 0 224 1 0 602
 1 0 670 1 1 232 0 1 938 0 0 960 0 0 666 0 1 221 1 0 694 1 0 752 0 0 949 0 1
 605 0 1 356 0 1 994 1 1 845 0 1 546 0 1 863 1 1 564 1 1 985 1 1 747 1 1 981 0
 0 62 0 0 312 1 0 999 1 0 67 1 1 128 0 1 645 0 0 812 0 1 454 0 0 83 1 0 512 0 1
 509 1 1 223 0 1 958 0 1 88 1 1 410 0 1 50 1 1 822 1 0 594 0 0 873 1 1 179 1 1
 162 0 0 527 1 1 563 1 0 381 0 1 965 0 1 752 0 0 230 1 0 698 1 1 639 1 0 381 0
 0 30 0 0 526 0 0 795 1 0 334 0 1 258 0 0 370 1 0 514 0 0 263 0 0 771 1 0 963 1
 1 677 1 0 574 0 1 262 1 0 218 1 0 948 0 0 871 1 1 61 0 0 533 0 1 425 0 0 682 1
 1 159 0 1 683 0 0 130 0 0 400 1 0 554 0 0 341 1 1 775 1 1 513 0 0 649 1 0 716
 1 1 534 1 1 264 1 0 186 0 1 960 0 0 268 0 1 177 0 0 346 1 1 646 1 0 747 0 0
 904 1 1 315 0 1 276 0 1 154 1 0 701 1 1 587 0 1 652 0 1 907 1 1 697 0 1 208 1
 0 565 1 0 597 0 0 808 1 0 762 1 0 745 1 1 789 1 0 212 1 1 973 0 0 312 0 1 836
 1 1 844 1 0 938 1 1 682 1 0 633 0 0 253 1 0 182 0 0 614 1 0 802 0 1 479 0 1
 183 1 0 927 1 0 34 0 0 840 0 0 930 0 1 589 0 0 85 1 0 443 0 1 11 1 1 673 1 0
 421 1 0 89 1 1 821 1 1 260 1 1 233 0 1 102 1 0 903 0 1 745 1 1 19 0 0 634 0 0
 504 1 1 816 0 0 826 0 0 267 1 0 276 1 1 910 1 0 832 1 1 135 0 0 71 1 0 313 1 0
 890 0 0 307 1 1 514 1 0 864 0 1 131 1 0 684 0 0 577 1 0 999 0 1 347 0 0 364 1
 0 105 0 0 968 1 0 540)
States: 1000

State   Read    Write   Move    Next-State
1       0       1       1       823
1       1       1       0       143
2       0       1       0       385
2       1       1       1       161
3       0       0       1       632
3       1       0       1       247
4       0       1       0       491
4       1       0       1       529
5       0       0       1       92
5       1       0       0       664
6       0       1       0       419
6       1       1       1       381
7       0       0       0       811
7       1       1       1       113
8       0       1       1       806
8       1       0       0       10
9       0       0       0       864
9       1       0       1       466
10      0       1       1       821
10      1       0       1       398
11      0       0       0       252
11      1       1       1       773
12      0       1       0       272
12      1       0       1       439
13      0       0       1       56
13      1       1       1       967
14      0       0       0       616
14      1       1       0       115
15      0       1       0       279
15      1       1       0       874
16      0       0       1       536
16      1       1       0       204
17      0       0       0       527
17      1       0       0       906
18      0       0       1       730
18      1       0       1       230
19      0       1       0       432
19      1       0       1       54
20      0       1       0       733
20      1       1       0       973
21      0       0       1       910
21      1       1       0       919
22      0       1       0       756
22      1       0       1       456
23      0       0       1       159
23      1       1       0       967
24      0       1       0       273
24      1       1       0       126
25      0       1       0       415
25      1       1       1       536
26      0       0       1       225
26      1       0       0       583
27      0       0       0       169
27      1       0       1       193
28      0       1       0       873
28      1       1       0       65
29      0       0       0       1000
29      1       0       1       98
30      0       0       1       98
30      1       0       1       459
31      0       1       1       17
31      1       0       1       256
32      0       0       1       186
32      1       1       1       884
33      0       1       1       541
33      1       1       1       530
34      0       1       1       825
34      1       0       0       221
35      0       0       0       88
35      1       1       0       672
36      0       1       0       180
36      1       1       1       904
37      0       0       1       174
37      1       0       0       984
38      0       0       1       798
38      1       0       0       433
39      0       1       0       805
39      1       0       1       228
40      0       1       1       270
40      1       0       1       512
41      0       0       1       41
41      1       1       1       596
42      0       0       1       754
42      1       1       1       378
43      0       1       0       672
43      1       0       0       173
44      0       1       1       484
44      1       1       1       655
45      0       0       0       337
45      1       1       1       230
46      0       1       0       332
46      1       0       1       658
47      0       0       1       887
47      1       0       0       517
48      0       1       0       878
48      1       1       1       111
49      0       1       0       319
49      1       0       0       51
50      0       0       0       727
50      1       0       0       427
51      0       1       0       17
51      1       0       1       783
52      0       0       0       948
52      1       1       0       582
53      0       0       0       846
53      1       0       0       298
54      0       1       0       248
54      1       1       1       595
55      0       1       0       886
55      1       0       1       715
56      0       1       0       521
56      1       1       0       21
57      0       0       0       704
57      1       1       1       766
58      0       0       0       575
58      1       0       1       74
59      0       0       0       755
59      1       1       1       435
60      0       0       1       931
60      1       0       0       371
61      0       0       0       591
61      1       1       0       335
62      0       0       0       375
62      1       1       1       396
63      0       1       1       261
63      1       0       0       670
64      0       1       0       925
64      1       1       1       944
65      0       1       1       952
65      1       1       0       88
66      0       0       1       801
66      1       0       0       865
67      0       0       1       936
67      1       0       0       721
68      0       1       1       247
68      1       1       0       584
69      0       0       0       555
69      1       1       1       306
70      0       0       1       648
70      1       0       1       470
71      0       1       0       174
71      1       1       1       916
72      0       0       1       294
72      1       0       1       465
73      0       1       1       321
73      1       0       1       747
74      0       1       0       367
74      1       1       0       333
75      0       0       0       436
75      1       1       0       287
76      0       1       0       577
76      1       1       1       464
77      0       1       0       65
77      1       1       1       220
78      0       0       0       681
78      1       0       1       883
79      0       1       1       173
79      1       1       0       233
80      0       1       1       54
80      1       1       0       590
81      0       0       0       521
81      1       1       0       289
82      0       0       0       258
82      1       1       0       830
83      0       0       1       253
83      1       0       1       753
84      0       1       0       882
84      1       1       0       937
85      0       0       0       297
85      1       0       0       510
86      0       0       1       946
86      1       0       0       55
87      0       1       0       935
87      1       0       1       891
88      0       1       1       167
88      1       1       0       834
89      0       1       0       925
89      1       1       1       783
90      0       1       1       796
90      1       1       1       575
91      0       0       1       977
91      1       1       0       54
92      0       0       1       431
92      1       1       1       342
93      0       0       0       217
93      1       0       0       486
94      0       1       1       146
94      1       0       0       696
95      0       0       0       733
95      1       1       0       169
96      0       1       1       479
96      1       1       0       758
97      0       1       1       311
97      1       0       0       926
98      0       1       0       309
98      1       1       0       780
99      0       0       0       834
99      1       1       1       552
100     0       1       0       383
100     1       0       1       576
101     0       1       0       177
101     1       0       0       592
102     0       1       0       505
102     1       0       1       175
103     0       0       0       112
103     1       1       0       739
104     0       0       0       823
104     1       1       0       947
105     0       0       1       511
105     1       1       1       24
106     0       0       1       965
106     1       1       0       873
107     0       0       0       679
107     1       0       0       498
108     0       0       0       290
108     1       0       0       12
109     0       1       0       357
109     1       1       0       768
110     0       0       0       507
110     1       0       0       906
111     0       0       1       636
111     1       1       0       42
112     0       0       0       801
112     1       1       1       809
113     0       1       1       813
113     1       1       0       658
114     0       0       0       475
114     1       0       0       477
115     0       1       0       355
115     1       1       0       602
116     0       1       1       150
116     1       0       1       599
117     0       0       0       66
117     1       1       1       792
118     0       0       0       947
118     1       0       1       806
119     0       0       1       917
119     1       0       1       258
120     0       0       1       535
120     1       0       0       385
121     0       0       0       667
121     1       0       1       219
122     0       0       0       186
122     1       1       0       696
123     0       0       1       419
123     1       1       0       707
124     0       0       1       146
124     1       0       0       100
125     0       0       1       200
125     1       1       0       576
126     0       1       1       713
126     1       0       1       244
127     0       1       1       109
127     1       1       0       860
128     0       1       0       980
128     1       1       1       854
129     0       0       1       765
129     1       0       1       467
130     0       1       0       783
130     1       0       1       117
131     0       0       1       783
131     1       0       0       239
132     0       1       0       781
132     1       1       1       263
133     0       0       0       220
133     1       1       1       240
134     0       1       1       909
134     1       0       0       333
135     0       0       0       945
135     1       0       1       183
136     0       1       1       563
136     1       0       1       570
137     0       0       0       363
137     1       1       1       968
138     0       1       0       739
138     1       0       1       970
139     0       0       1       202
139     1       1       1       743
140     0       0       0       580
140     1       1       0       761
141     0       1       0       525
141     1       1       0       82
142     0       0       1       310
142     1       1       0       938
143     0       0       0       13
143     1       0       0       888
144     0       0       1       970
144     1       0       1       837
145     0       1       0       713
145     1       0       1       930
146     0       1       0       40
146     1       1       0       571
147     0       0       1       51
147     1       1       0       811
148     0       1       0       978
148     1       0       1       596
149     0       0       1       151
149     1       1       0       572
150     0       1       0       945
150     1       1       0       515
151     0       1       0       368
151     1       1       1       265
152     0       0       1       116
152     1       0       0       649
153     0       0       0       77
153     1       0       1       231
154     0       1       0       906
154     1       1       0       106
155     0       0       0       896
155     1       0       1       670
156     0       0       1       709
156     1       0       1       763
157     0       1       1       578
157     1       0       1       519
158     0       0       1       286
158     1       1       1       719
159     0       1       1       201
159     1       1       1       575
160     0       1       1       345
160     1       0       0       89
161     0       0       0       550
161     1       1       0       771
162     0       1       0       652
162     1       1       1       679
163     0       0       1       739
163     1       0       0       710
164     0       0       1       371
164     1       0       0       815
165     0       1       0       62
165     1       0       1       333
166     0       1       1       361
166     1       0       1       177
167     0       0       1       30
167     1       1       1       974
168     0       0       1       590
168     1       1       1       353
169     0       1       0       180
169     1       0       0       976
170     0       1       1       705
170     1       1       1       756
171     0       0       0       259
171     1       1       1       976
172     0       1       0       867
172     1       0       1       965
173     0       0       1       61
173     1       0       0       185
174     0       1       0       57
174     1       1       1       357
175     0       1       0       907
175     1       0       0       494
176     0       0       0       187
176     1       0       0       735
177     0       1       0       602
177     1       0       1       875
178     0       0       0       692
178     1       1       0       199
179     0       0       0       519
179     1       0       0       809
180     0       1       0       385
180     1       1       1       280
181     0       1       0       183
181     1       0       1       425
182     0       1       0       695
182     1       1       0       174
183     0       0       0       173
183     1       1       1       866
184     0       0       0       399
184     1       0       1       83
185     0       0       0       423
185     1       1       1       500
186     0       0       1       537
186     1       0       0       908
187     0       0       0       114
187     1       1       0       365
188     0       0       0       674
188     1       1       1       456
189     0       1       1       934
189     1       0       0       848
190     0       1       0       486
190     1       1       1       959
191     0       1       1       500
191     1       1       0       185
192     0       0       1       732
192     1       0       0       259
193     0       0       1       934
193     1       0       0       131
194     0       1       1       591
194     1       1       0       947
195     0       0       0       449
195     1       1       1       269
196     0       0       1       31
196     1       0       1       804
197     0       1       0       483
197     1       1       1       450
198     0       0       1       794
198     1       0       1       44
199     0       1       1       722
199     1       0       1       152
200     0       1       0       332
200     1       1       0       887
201     0       0       0       857
201     1       1       0       703
202     0       1       0       209
202     1       1       1       655
203     0       1       0       424
203     1       1       1       538
204     0       0       0       499
204     1       0       1       34
205     0       1       1       0
205     1       1       0       544
206     0       1       1       220
206     1       1       0       474
207     0       0       0       468
207     1       1       0       94
208     0       0       0       503
208     1       1       0       36
209     0       0       1       381
209     1       0       1       580
210     0       1       0       546
210     1       1       0       303
211     0       0       0       711
211     1       0       0       659
212     0       0       1       624
212     1       0       0       771
213     0       1       0       372
213     1       0       1       655
214     0       1       1       950
214     1       1       0       654
215     0       1       0       714
215     1       1       1       252
216     0       1       1       78
216     1       1       1       920
217     0       0       1       138
217     1       1       0       421
218     0       0       1       739
218     1       1       1       646
219     0       0       0       320
219     1       0       0       291
220     0       1       1       904
220     1       0       0       376
221     0       0       0       329
221     1       1       0       667
222     0       1       1       360
222     1       1       0       824
223     0       1       1       890
223     1       0       0       990
224     0       1       0       876
224     1       1       0       689
225     0       0       0       498
225     1       1       1       15
226     0       1       0       689
226     1       0       1       503
227     0       1       0       79
227     1       0       0       370
228     0       1       0       204
228     1       0       1       973
229     0       0       0       848
229     1       1       0       331
230     0       0       0       850
230     1       1       0       308
231     0       1       0       547
231     1       0       0       525
232     0       1       1       472
232     1       1       1       697
233     0       0       1       883
233     1       1       0       233
234     0       1       1       334
234     1       1       1       785
235     0       1       1       589
235     1       1       0       777
236     0       1       1       566
236     1       1       1       388
237     0       1       1       534
237     1       1       0       386
238     0       1       0       716
238     1       1       0       645
239     0       1       1       597
239     1       0       1       841
240     0       0       0       960
240     1       0       0       903
241     0       1       1       767
241     1       1       1       507
242     0       1       1       748
242     1       0       0       613
243     0       1       1       334
243     1       1       0       662
244     0       0       0       536
244     1       0       0       654
245     0       0       1       409
245     1       0       1       423
246     0       0       0       823
246     1       0       0       628
247     0       0       1       820
247     1       1       0       942
248     0       1       1       969
248     1       1       1       75
249     0       1       1       427
249     1       0       0       738
250     0       0       0       929
250     1       0       1       311
251     0       0       0       865
251     1       1       0       366
252     0       1       1       543
252     1       0       1       859
253     0       1       1       67
253     1       1       1       686
254     0       0       1       201
254     1       0       0       948
255     0       1       1       98
255     1       1       1       397
256     0       1       1       217
256     1       1       1       903
257     0       0       1       236
257     1       0       1       45
258     0       1       1       502
258     1       0       0       392
259     0       1       0       923
259     1       0       1       862
260     0       0       0       547
260     1       0       0       254
261     0       1       1       66
261     1       0       0       16
262     0       0       1       245
262     1       0       1       882
263     0       0       0       732
263     1       0       0       610
264     0       0       0       945
264     1       0       0       632
265     0       1       1       75
265     1       0       0       781
266     0       0       1       1
266     1       0       1       594
267     0       0       1       122
267     1       1       0       866
268     0       1       0       700
268     1       0       0       191
269     0       0       0       317
269     1       1       1       29
270     0       0       1       819
270     1       0       0       735
271     0       0       1       119
271     1       0       1       627
272     0       1       0       648
272     1       0       0       470
273     0       1       0       149
273     1       1       0       78
274     0       1       0       36
274     1       1       1       263
275     0       1       1       604
275     1       1       1       158
276     0       0       1       482
276     1       1       1       323
277     0       1       1       716
277     1       0       0       511
278     0       0       1       157
278     1       0       1       903
279     0       0       0       263
279     1       0       0       596
280     0       1       1       604
280     1       1       1       372
281     0       0       1       176
281     1       0       0       793
282     0       0       1       736
282     1       1       0       362
283     0       1       1       122
283     1       0       0       403
284     0       0       0       670
284     1       1       1       787
285     0       1       0       565
285     1       0       0       973
286     0       1       1       963
286     1       0       1       356
287     0       0       1       495
287     1       1       0       625
288     0       1       1       33
288     1       0       1       307
289     0       0       1       249
289     1       1       1       205
290     0       0       1       455
290     1       1       0       861
291     0       1       0       416
291     1       0       0       831
292     0       1       0       856
292     1       1       0       332
293     0       1       1       817
293     1       1       0       624
294     0       1       1       992
294     1       0       0       619
295     0       0       1       778
295     1       1       1       229
296     0       1       0       273
296     1       1       1       400
297     0       1       0       876
297     1       0       0       751
298     0       1       0       680
298     1       0       0       501
299     0       1       0       233
299     1       0       1       314
300     0       0       1       106
300     1       1       0       507
301     0       1       0       850
301     1       0       0       30
302     0       0       0       772
302     1       0       1       917
303     0       0       0       938
303     1       1       0       641
304     0       0       1       117
304     1       1       1       692
305     0       1       0       12
305     1       1       0       670
306     0       1       1       492
306     1       1       1       459
307     0       1       1       695
307     1       0       1       71
308     0       1       0       423
308     1       0       1       923
309     0       1       1       671
309     1       0       0       935
310     0       0       0       513
310     1       1       1       988
311     0       0       0       814
311     1       0       0       375
312     0       1       0       183
312     1       1       1       904
313     0       1       0       272
313     1       1       1       508
314     0       0       0       571
314     1       1       0       704
315     0       1       0       563
315     1       0       0       318
316     0       1       1       757
316     1       1       0       846
317     0       0       0       307
317     1       1       0       224
318     0       1       1       295
318     1       0       1       410
319     0       1       0       767
319     1       1       1       476
320     0       1       1       600
320     1       1       1       491
321     0       1       0       24
321     1       1       0       427
322     0       0       1       1000
322     1       1       0       423
323     0       1       1       634
323     1       0       1       890
324     0       0       0       188
324     1       1       0       447
325     0       1       1       44
325     1       1       0       522
326     0       0       0       941
326     1       0       0       226
327     0       1       1       804
327     1       0       0       913
328     0       0       0       883
328     1       1       1       247
329     0       1       1       162
329     1       1       1       805
330     0       1       0       219
330     1       1       1       405
331     0       0       1       38
331     1       1       0       320
332     0       0       1       35
332     1       1       0       61
333     0       1       1       450
333     1       0       0       349
334     0       1       0       494
334     1       0       1       718
335     0       0       1       325
335     1       1       0       685
336     0       1       1       340
336     1       1       1       767
337     0       0       0       159
337     1       1       1       776
338     0       0       0       535
338     1       1       1       857
339     0       0       0       904
339     1       1       0       801
340     0       1       1       72
340     1       1       1       179
341     0       1       1       309
341     1       0       1       903
342     0       0       0       257
342     1       1       1       156
343     0       1       0       490
343     1       0       0       866
344     0       0       1       939
344     1       1       0       507
345     0       1       0       323
345     1       0       0       166
346     0       0       0       299
346     1       0       0       619
347     0       1       0       320
347     1       1       1       277
348     0       1       0       714
348     1       1       1       408
349     0       1       0       414
349     1       0       1       941
350     0       0       1       527
350     1       1       0       905
351     0       0       0       293
351     1       1       0       291
352     0       0       1       80
352     1       0       1       872
353     0       1       0       405
353     1       1       1       652
354     0       1       0       541
354     1       0       0       947
355     0       1       1       512
355     1       1       0       772
356     0       0       0       869
356     1       0       0       804
357     0       1       1       176
357     1       0       0       516
358     0       1       0       541
358     1       1       1       519
359     0       1       1       151
359     1       1       1       694
360     0       0       1       452
360     1       1       1       6
361     0       1       0       438
361     1       1       0       525
362     0       1       1       208
362     1       1       0       165
363     0       0       1       837
363     1       1       1       493
364     0       1       0       870
364     1       0       0       979
365     0       1       1       919
365     1       1       1       76
366     0       1       1       580
366     1       1       0       821
367     0       0       0       832
367     1       1       0       766
368     0       1       1       472
368     1       0       1       94
369     0       0       0       101
369     1       1       1       260
370     0       1       0       594
370     1       1       0       62
371     0       1       0       967
371     1       0       0       591
372     0       0       1       604
372     1       0       1       712
373     0       0       1       549
373     1       0       0       960
374     0       0       1       175
374     1       0       0       445
375     0       0       1       591
375     1       0       1       30
376     0       0       1       126
376     1       0       1       980
377     0       0       1       922
377     1       0       0       79
378     0       0       0       210
378     1       1       1       270
379     0       1       1       691
379     1       0       1       117
380     0       1       1       822
380     1       1       0       292
381     0       0       0       618
381     1       1       1       668
382     0       0       0       405
382     1       1       0       293
383     0       0       0       410
383     1       1       1       937
384     0       0       0       320
384     1       1       1       248
385     0       1       1       479
385     1       1       0       101
386     0       0       0       153
386     1       0       0       954
387     0       0       1       930
387     1       1       0       682
388     0       0       1       426
388     1       1       1       278
389     0       0       1       431
389     1       1       0       676
390     0       0       0       118
390     1       1       0       806
391     0       1       1       578
391     1       1       0       208
392     0       1       0       292
392     1       1       0       859
393     0       1       0       694
393     1       1       1       257
394     0       1       0       946
394     1       1       1       698
395     0       0       0       729
395     1       1       0       783
396     0       0       1       864
396     1       1       0       675
397     0       1       0       556
397     1       1       1       173
398     0       0       1       557
398     1       0       1       752
399     0       1       0       422
399     1       1       1       53
400     0       0       1       9
400     1       0       1       83
401     0       1       1       863
401     1       0       0       738
402     0       1       0       831
402     1       0       0       274
403     0       1       1       283
403     1       0       1       85
404     0       0       1       681
404     1       1       1       124
405     0       0       1       271
405     1       0       1       244
406     0       1       0       474
406     1       0       0       28
407     0       1       0       759
407     1       1       0       8
408     0       0       0       498
408     1       0       0       129
409     0       0       1       586
409     1       0       1       747
410     0       1       0       120
410     1       1       1       180
411     0       0       0       772
411     1       1       0       749
412     0       0       0       186
412     1       0       1       548
413     0       1       0       1
413     1       1       0       323
414     0       1       1       780
414     1       1       1       732
415     0       0       0       603
415     1       1       0       759
416     0       1       1       896
416     1       0       0       737
417     0       1       0       425
417     1       1       1       295
418     0       1       0       157
418     1       0       1       886
419     0       0       0       913
419     1       1       1       685
420     0       0       1       252
420     1       1       0       602
421     0       1       1       678
421     1       1       0       199
422     0       0       0       236
422     1       0       1       629
423     0       1       0       851
423     1       0       0       719
424     0       1       0       412
424     1       0       0       641
425     0       1       0       978
425     1       0       0       840
426     0       1       0       190
426     1       1       0       60
427     0       1       0       759
427     1       1       0       400
428     0       0       0       506
428     1       1       1       411
429     0       0       0       126
429     1       0       0       895
430     0       1       0       739
430     1       0       1       541
431     0       0       1       346
431     1       1       1       259
432     0       0       0       263
432     1       1       0       686
433     0       0       1       445
433     1       0       0       492
434     0       0       1       929
434     1       0       0       292
435     0       0       1       297
435     1       1       0       758
436     0       0       0       350
436     1       1       1       398
437     0       0       0       563
437     1       0       1       436
438     0       1       0       890
438     1       1       1       68
439     0       1       0       314
439     1       0       0       682
440     0       0       0       941
440     1       0       1       456
441     0       0       1       57
441     1       1       0       826
442     0       0       1       234
442     1       0       1       75
443     0       1       0       522
443     1       1       1       78
444     0       0       1       736
444     1       0       0       770
445     0       1       0       149
445     1       0       0       662
446     0       1       0       394
446     1       1       1       546
447     0       0       1       221
447     1       1       1       123
448     0       1       0       6
448     1       0       1       577
449     0       1       1       875
449     1       0       1       423
450     0       1       1       49
450     1       0       0       544
451     0       1       0       212
451     1       0       0       880
452     0       0       1       128
452     1       0       0       381
453     0       0       0       418
453     1       1       1       643
454     0       0       1       619
454     1       1       1       322
455     0       0       1       194
455     1       0       1       319
456     0       0       0       174
456     1       0       0       158
457     0       0       1       541
457     1       0       0       122
458     0       0       1       443
458     1       0       0       99
459     0       1       0       665
459     1       0       1       735
460     0       0       1       514
460     1       1       1       502
461     0       0       0       167
461     1       0       1       534
462     0       0       0       713
462     1       0       0       72
463     0       0       0       284
463     1       1       1       947
464     0       0       0       302
464     1       1       1       478
465     0       1       1       195
465     1       1       1       51
466     0       0       0       672
466     1       1       1       568
467     0       1       1       780
467     1       0       1       473
468     0       1       1       608
468     1       1       1       835
469     0       0       0       649
469     1       1       0       407
470     0       1       0       407
470     1       0       0       352
471     0       1       0       1000
471     1       1       1       351
472     0       1       0       269
472     1       1       0       786
473     0       0       1       67
473     1       1       1       847
474     0       0       0       851
474     1       1       1       464
475     0       1       1       200
475     1       1       1       252
476     0       1       0       256
476     1       1       0       299
477     0       0       0       370
477     1       1       1       563
478     0       1       1       65
478     1       1       1       250
479     0       0       0       657
479     1       1       0       114
480     0       0       1       774
480     1       1       1       750
481     0       1       0       175
481     1       1       0       143
482     0       1       0       178
482     1       0       0       281
483     0       1       1       639
483     1       1       1       69
484     0       1       1       941
484     1       0       1       863
485     0       0       0       490
485     1       0       1       99
486     0       0       0       47
486     1       0       1       301
487     0       1       0       425
487     1       1       0       575
488     0       1       0       49
488     1       1       0       741
489     0       0       0       609
489     1       0       1       753
490     0       1       0       4
490     1       0       0       408
491     0       1       0       555
491     1       0       1       573
492     0       1       1       772
492     1       0       1       554
493     0       0       0       541
493     1       0       1       539
494     0       1       1       963
494     1       0       1       698
495     0       1       0       780
495     1       1       0       123
496     0       1       1       30
496     1       0       1       812
497     0       0       1       249
497     1       1       1       857
498     0       1       1       545
498     1       1       0       11
499     0       0       0       310
499     1       1       0       735
500     0       1       0       158
500     1       1       1       231
501     0       0       0       517
501     1       1       0       801
502     0       1       0       22
502     1       1       0       79
503     0       0       0       33
503     1       0       1       862
504     0       0       0       922
504     1       0       1       732
505     0       1       1       241
505     1       1       0       290
506     0       1       0       441
506     1       0       1       793
507     0       1       0       102
507     1       1       0       30
508     0       1       1       459
508     1       0       1       561
509     0       1       0       724
509     1       0       0       906
510     0       0       1       954
510     1       0       0       557
511     0       0       1       354
511     1       1       0       639
512     0       1       0       635
512     1       1       0       955
513     0       0       0       884
513     1       0       1       72
514     0       0       0       579
514     1       1       1       46
515     0       0       0       943
515     1       1       1       566
516     0       0       0       569
516     1       1       1       60
517     0       1       1       500
517     1       0       1       219
518     0       1       1       954
518     1       1       1       933
519     0       1       0       557
519     1       1       1       622
520     0       0       1       951
520     1       0       1       448
521     0       0       1       780
521     1       1       0       668
522     0       0       1       65
522     1       1       1       217
523     0       0       0       804
523     1       1       0       369
524     0       1       1       401
524     1       1       1       106
525     0       1       0       219
525     1       1       0       190
526     0       0       0       531
526     1       1       1       707
527     0       0       1       731
527     1       1       1       933
528     0       1       0       929
528     1       0       0       329
529     0       0       1       865
529     1       0       1       988
530     0       1       1       373
530     1       1       1       215
531     0       0       1       266
531     1       0       0       355
532     0       0       0       760
532     1       1       0       928
533     0       1       1       193
533     1       1       1       574
534     0       0       1       43
534     1       0       0       294
535     0       1       0       926
535     1       1       1       321
536     0       0       1       929
536     1       1       0       793
537     0       1       1       597
537     1       1       1       897
538     0       1       1       769
538     1       1       0       40
539     0       1       0       885
539     1       0       1       11
540     0       1       0       144
540     1       1       1       903
541     0       0       1       688
541     1       0       0       501
542     0       1       0       711
542     1       1       1       634
543     0       1       0       237
543     1       0       0       608
544     0       0       0       933
544     1       1       1       354
545     0       0       0       365
545     1       0       0       992
546     0       1       1       887
546     1       1       1       882
547     0       1       1       400
547     1       1       0       640
548     0       1       1       292
548     1       0       1       77
549     0       1       0       827
549     1       0       1       194
550     0       1       0       365
550     1       1       1       416
551     0       0       0       183
551     1       1       0       486
552     0       0       1       196
552     1       0       1       544
553     0       1       0       239
553     1       1       1       779
554     0       1       1       955
554     1       0       0       911
555     0       1       1       518
555     1       0       0       976
556     0       1       1       946
556     1       0       0       217
557     0       1       0       725
557     1       1       1       18
558     0       1       1       139
558     1       1       1       585
559     0       0       1       323
559     1       0       0       889
560     0       1       1       514
560     1       1       0       999
561     0       0       0       116
561     1       0       1       426
562     0       1       0       314
562     1       1       0       132
563     0       0       0       399
563     1       0       0       164
564     0       0       0       506
564     1       1       0       750
565     0       1       1       554
565     1       1       0       693
566     0       1       1       677
566     1       1       0       598
567     0       0       1       626
567     1       0       1       883
568     0       1       0       938
568     1       0       0       536
569     0       1       0       89
569     1       0       1       291
570     0       0       1       978
570     1       1       0       836
571     0       1       1       777
571     1       1       0       841
572     0       0       0       475
572     1       1       1       628
573     0       1       0       34
573     1       0       0       533
574     0       0       0       310
574     1       1       1       764
575     0       0       0       555
575     1       1       0       828
576     0       1       1       418
576     1       1       1       175
577     0       1       1       687
577     1       0       1       119
578     0       1       1       387
578     1       1       0       164
579     0       1       0       631
579     1       1       1       378
580     0       1       0       324
580     1       0       1       57
581     0       1       1       944
581     1       1       0       305
582     0       0       0       406
582     1       1       1       357
583     0       1       1       231
583     1       1       1       986
584     0       1       0       391
584     1       0       0       987
585     0       1       0       860
585     1       1       1       142
586     0       0       1       756
586     1       0       0       801
587     0       1       1       979
587     1       1       0       247
588     0       1       0       417
588     1       1       0       178
589     0       0       0       987
589     1       0       1       809
590     0       0       1       523
590     1       0       1       702
591     0       0       0       161
591     1       0       1       50
592     0       0       0       755
592     1       0       1       869
593     0       0       1       194
593     1       0       1       850
594     0       0       1       18
594     1       0       1       971
595     0       0       0       778
595     1       0       0       689
596     0       1       1       772
596     1       1       1       54
597     0       0       1       675
597     1       1       1       896
598     0       1       0       83
598     1       0       0       423
599     0       1       1       475
599     1       0       0       330
600     0       1       0       942
600     1       0       0       872
601     0       1       1       594
601     1       0       0       476
602     0       1       1       92
602     1       1       1       885
603     0       1       0       76
603     1       0       0       777
604     0       0       0       501
604     1       0       1       513
605     0       1       0       878
605     1       0       1       645
606     0       1       1       35
606     1       0       1       504
607     0       1       0       717
607     1       0       0       968
608     0       1       0       170
608     1       1       1       223
609     0       1       0       194
609     1       1       0       127
610     0       1       0       404
610     1       1       0       412
611     0       1       1       0
611     1       1       0       590
612     0       1       1       155
612     1       0       0       310
613     0       1       0       874
613     1       0       1       387
614     0       1       0       731
614     1       1       0       642
615     0       1       1       658
615     1       0       1       468
616     0       0       1       926
616     1       1       0       624
617     0       1       1       609
617     1       0       1       317
618     0       0       1       460
618     1       1       1       405
619     0       0       0       527
619     1       1       0       826
620     0       0       0       535
620     1       1       1       472
621     0       0       1       571
621     1       0       1       550
622     0       1       1       587
622     1       0       1       222
623     0       0       1       799
623     1       1       0       759
624     0       0       0       519
624     1       1       0       534
625     0       1       0       237
625     1       0       0       485
626     0       0       0       300
626     1       0       1       81
627     0       0       1       209
627     1       1       0       579
628     0       1       1       644
628     1       0       0       921
629     0       1       0       35
629     1       0       0       53
630     0       0       1       253
630     1       1       0       57
631     0       1       0       493
631     1       1       1       123
632     0       1       1       465
632     1       0       0       717
633     0       1       0       238
633     1       1       1       756
634     0       0       0       772
634     1       1       0       812
635     0       1       1       0
635     1       1       0       922
636     0       0       1       784
636     1       0       0       889
637     0       1       1       293
637     1       0       1       787
638     0       1       0       108
638     1       1       1       389
639     0       1       0       57
639     1       0       0       955
640     0       0       1       407
640     1       1       0       801
641     0       0       0       444
641     1       1       0       185
642     0       0       0       538
642     1       1       0       950
643     0       0       0       801
643     1       1       0       817
644     0       1       0       376
644     1       1       0       830
645     0       1       0       883
645     1       0       0       887
646     0       1       1       315
646     1       0       0       345
647     0       0       0       4
647     1       1       0       891
648     0       0       1       105
648     1       0       1       172
649     0       1       1       291
649     1       0       0       588
650     0       1       0       348
650     1       0       1       757
651     0       0       0       478
651     1       0       1       639
652     0       0       0       279
652     1       0       1       854
653     0       1       0       849
653     1       0       0       949
654     0       1       1       640
654     1       0       0       71
655     0       0       1       208
655     1       1       0       926
656     0       1       1       485
656     1       1       0       806
657     0       0       0       522
657     1       0       0       749
658     0       0       1       98
658     1       0       1       534
659     0       1       0       428
659     1       0       1       330
660     0       0       1       5
660     1       1       0       230
661     0       1       1       323
661     1       0       1       85
662     0       0       0       522
662     1       1       0       874
663     0       0       0       666
663     1       1       0       915
664     0       1       1       605
664     1       0       1       70
665     0       1       1       768
665     1       1       0       914
666     0       0       1       548
666     1       1       1       331
667     0       0       1       158
667     1       1       1       510
668     0       0       0       853
668     1       1       0       338
669     0       0       0       393
669     1       0       1       481
670     0       0       0       51
670     1       0       0       595
671     0       1       1       352
671     1       0       1       1000
672     0       1       1       865
672     1       0       1       616
673     0       0       1       659
673     1       0       0       159
674     0       0       0       242
674     1       0       1       419
675     0       0       0       513
675     1       0       1       690
676     0       0       0       387
676     1       1       0       678
677     0       0       1       912
677     1       0       1       231
678     0       1       1       45
678     1       0       0       623
679     0       0       1       6
679     1       0       0       901
680     0       0       0       285
680     1       0       0       365
681     0       1       1       402
681     1       0       0       250
682     0       1       1       92
682     1       1       1       727
683     0       1       1       461
683     1       0       0       658
684     0       1       1       202
684     1       1       1       213
685     0       0       1       674
685     1       1       1       630
686     0       1       1       757
686     1       0       0       462
687     0       1       0       251
687     1       1       0       997
688     0       0       0       975
688     1       1       0       589
689     0       1       1       176
689     1       1       0       238
690     0       1       0       555
690     1       0       1       899
691     0       1       1       680
691     1       0       0       447
692     0       1       1       506
692     1       1       1       939
693     0       1       1       609
693     1       1       0       144
694     0       1       0       726
694     1       0       0       829
695     0       1       1       668
695     1       1       1       42
696     0       1       1       945
696     1       0       0       453
697     0       1       0       978
697     1       0       1       982
698     0       1       1       528
698     1       1       0       504
699     0       1       1       978
699     1       1       0       552
700     0       1       0       857
700     1       0       1       722
701     0       1       1       321
701     1       0       0       749
702     0       1       1       331
702     1       1       1       427
703     0       1       1       867
703     1       1       0       963
704     0       1       0       735
704     1       0       0       947
705     0       1       1       340
705     1       1       1       460
706     0       1       1       401
706     1       0       0       875
707     0       1       0       161
707     1       0       1       856
708     0       1       1       35
708     1       1       0       767
709     0       1       0       721
709     1       1       0       415
710     0       0       0       725
710     1       1       1       591
711     0       1       1       349
711     1       1       1       72
712     0       0       1       69
712     1       0       0       650
713     0       0       1       619
713     1       0       0       383
714     0       0       1       93
714     1       1       0       748
715     0       1       0       825
715     1       1       0       928
716     0       1       0       505
716     1       0       0       241
717     0       0       1       599
717     1       1       0       509
718     0       0       0       741
718     1       1       0       478
719     0       0       1       743
719     1       1       1       282
720     0       0       1       825
720     1       0       0       832
721     0       0       1       477
721     1       1       1       438
722     0       0       1       702
722     1       1       0       502
723     0       1       0       704
723     1       1       1       898
724     0       0       1       155
724     1       0       1       296
725     0       1       1       262
725     1       1       1       315
726     0       1       0       746
726     1       0       0       422
727     0       1       0       531
727     1       1       0       572
728     0       1       1       217
728     1       0       0       874
729     0       1       0       438
729     1       1       0       834
730     0       1       0       908
730     1       0       0       439
731     0       0       1       235
731     1       0       0       965
732     0       0       1       48
732     1       1       1       818
733     0       1       0       491
733     1       1       0       508
734     0       0       1       953
734     1       1       0       309
735     0       1       0       92
735     1       1       1       451
736     0       0       1       635
736     1       1       0       975
737     0       0       0       115
737     1       0       1       356
738     0       0       0       785
738     1       0       1       428
739     0       1       0       826
739     1       1       0       498
740     0       1       0       643
740     1       0       0       246
741     0       0       1       453
741     1       0       0       853
742     0       1       1       420
742     1       0       0       298
743     0       1       1       850
743     1       0       0       672
744     0       1       1       478
744     1       1       1       324
745     0       0       1       216
745     1       1       1       838
746     0       1       1       934
746     1       1       0       81
747     0       1       1       645
747     1       0       1       322
748     0       0       1       63
748     1       0       1       100
749     0       1       0       412
749     1       0       1       420
750     0       1       1       902
750     1       0       0       835
751     0       1       0       507
751     1       1       1       9
752     0       1       1       318
752     1       1       0       666
753     0       1       0       607
753     1       0       0       290
754     0       1       1       250
754     1       0       1       162
755     0       1       1       860
755     1       1       0       745
756     0       0       0       737
756     1       0       1       333
757     0       0       1       122
757     1       1       1       717
758     0       1       1       207
758     1       0       1       585
759     0       0       0       472
759     1       0       0       532
760     0       1       0       2
760     1       1       1       170
761     0       1       1       889
761     1       0       1       745
762     0       0       0       815
762     1       1       0       741
763     0       1       1       930
763     1       0       1       226
764     0       1       0       255
764     1       1       1       317
765     0       1       1       986
765     1       0       0       657
766     0       1       0       515
766     1       0       0       72
767     0       1       0       465
767     1       1       0       442
768     0       1       0       519
768     1       1       0       368
769     0       0       0       339
769     1       1       1       133
770     0       0       0       42
770     1       0       0       854
771     0       1       0       974
771     1       0       1       454
772     0       0       1       989
772     1       1       1       198
773     0       0       0       972
773     1       1       0       471
774     0       0       1       560
774     1       0       0       899
775     0       0       1       137
775     1       0       0       492
776     0       0       1       752
776     1       1       0       561
777     0       0       0       737
777     1       1       1       7
778     0       0       0       183
778     1       0       1       700
779     0       1       0       198
779     1       1       1       666
780     0       1       0       223
780     1       0       0       437
781     0       0       0       698
781     1       0       1       571
782     0       0       1       478
782     1       1       0       847
783     0       0       1       766
783     1       0       1       606
784     0       1       0       527
784     1       1       1       525
785     0       0       1       110
785     1       0       0       266
786     0       1       0       437
786     1       0       0       104
787     0       1       0       209
787     1       1       1       499
788     0       0       1       795
788     1       1       1       290
789     0       1       0       252
789     1       0       1       784
790     0       1       1       92
790     1       0       1       121
791     0       1       1       901
791     1       0       0       479
792     0       1       0       898
792     1       0       0       296
793     0       0       1       136
793     1       0       0       122
794     0       0       0       403
794     1       1       1       407
795     0       0       1       360
795     1       1       1       756
796     0       0       1       858
796     1       0       1       238
797     0       0       0       520
797     1       0       0       465
798     0       0       1       930
798     1       0       0       562
799     0       0       1       115
799     1       0       0       200
800     0       1       0       889
800     1       0       1       239
801     0       0       1       413
801     1       1       1       706
802     0       0       0       353
802     1       0       1       733
803     0       0       0       421
803     1       0       0       833
804     0       0       0       878
804     1       1       1       946
805     0       0       0       442
805     1       1       1       318
806     0       1       1       214
806     1       1       1       498
807     0       0       0       699
807     1       1       1       220
808     0       1       1       3
808     1       0       1       919
809     0       1       1       820
809     1       1       1       16
810     0       0       0       430
810     1       1       0       868
811     0       1       0       932
811     1       0       0       556
812     0       1       0       242
812     1       1       1       519
813     0       1       0       649
813     1       1       0       991
814     0       0       1       245
814     1       1       1       970
815     0       0       0       503
815     1       1       1       884
816     0       1       1       23
816     1       1       1       664
817     0       1       0       231
817     1       1       0       546
818     0       0       0       398
818     1       1       1       962
819     0       1       1       93
819     1       1       1       741
820     0       0       0       401
820     1       1       0       959
821     0       0       1       638
821     1       1       1       697
822     0       1       0       829
822     1       1       0       972
823     0       1       0       812
823     1       0       0       288
824     0       1       1       178
824     1       1       1       342
825     0       1       1       497
825     1       0       1       229
826     0       0       0       594
826     1       0       1       46
827     0       0       0       565
827     1       0       1       349
828     0       1       0       610
828     1       1       0       440
829     0       1       0       826
829     1       1       0       629
830     0       0       0       860
830     1       0       1       761
831     0       1       0       974
831     1       0       0       75
832     0       1       0       272
832     1       0       1       207
833     0       1       1       500
833     1       0       1       983
834     0       0       0       729
834     1       0       1       114
835     0       1       1       299
835     1       0       1       398
836     0       1       0       385
836     1       1       0       949
837     0       1       1       384
837     1       0       1       702
838     0       0       1       139
838     1       0       1       970
839     0       0       0       307
839     1       0       0       954
840     0       1       0       128
840     1       0       1       517
841     0       0       1       928
841     1       0       1       607
842     0       0       1       945
842     1       1       1       118
843     0       0       1       36
843     1       0       1       802
844     0       1       0       366
844     1       0       0       51
845     0       0       1       546
845     1       1       1       110
846     0       1       1       590
846     1       1       0       912
847     0       0       0       329
847     1       1       1       979
848     0       0       0       188
848     1       0       1       963
849     0       1       0       35
849     1       1       1       940
850     0       0       1       68
850     1       1       0       935
851     0       0       1       310
851     1       1       0       825
852     0       1       0       567
852     1       1       0       765
853     0       1       0       984
853     1       0       0       732
854     0       0       1       461
854     1       0       1       563
855     0       1       0       204
855     1       1       1       987
856     0       1       0       77
856     1       1       1       766
857     0       0       0       656
857     1       0       1       520
858     0       1       1       158
858     1       1       1       910
859     0       1       0       331
859     1       0       0       502
860     0       0       1       676
860     1       1       0       183
861     0       0       0       712
861     1       1       0       851
862     0       0       1       697
862     1       0       1       275
863     0       0       0       202
863     1       0       0       828
864     0       1       1       364
864     1       1       1       962
865     0       1       1       466
865     1       0       0       420
866     0       1       1       296
866     1       0       0       580
867     0       0       1       278
867     1       0       0       462
868     0       0       1       719
868     1       1       0       489
869     0       0       1       359
869     1       0       1       987
870     0       0       1       111
870     1       1       0       788
871     0       0       0       264
871     1       1       1       61
872     0       0       1       182
872     1       1       0       64
873     0       0       1       451
873     1       1       1       94
874     0       0       1       654
874     1       1       0       162
875     0       0       1       587
875     1       1       1       991
876     0       0       1       824
876     1       1       0       507
877     0       0       0       457
877     1       0       0       324
878     0       0       0       953
878     1       0       0       677
879     0       1       0       497
879     1       1       0       659
880     0       0       0       650
880     1       0       0       312
881     0       0       1       42
881     1       1       0       747
882     0       0       0       706
882     1       1       1       337
883     0       1       1       902
883     1       1       0       539
884     0       0       0       250
884     1       0       0       509
885     0       1       0       34
885     1       1       0       312
886     0       1       1       795
886     1       0       1       825
887     0       0       0       676
887     1       1       1       670
888     0       0       0       911
888     1       0       1       135
889     0       0       1       881
889     1       0       1       896
890     0       0       1       800
890     1       0       0       814
891     0       0       0       160
891     1       0       1       384
892     0       0       0       218
892     1       1       0       505
893     0       0       1       615
893     1       1       0       95
894     0       0       1       894
894     1       0       0       888
895     0       0       1       995
895     1       1       0       222
896     0       1       1       314
896     1       0       1       688
897     0       1       1       404
897     1       1       0       704
898     0       1       0       409
898     1       1       1       190
899     0       0       1       761
899     1       0       1       271
900     0       1       0       886
900     1       0       1       147
901     0       0       1       156
901     1       0       0       586
902     0       1       0       924
902     1       1       1       184
903     0       0       0       966
903     1       1       1       164
904     0       1       1       568
904     1       0       0       170
905     0       0       0       723
905     1       0       1       996
906     0       1       1       767
906     1       0       1       948
907     0       0       0       114
907     1       1       1       526
908     0       1       0       778
908     1       0       1       543
909     0       0       1       664
909     1       1       1       327
910     0       0       0       576
910     1       1       0       819
911     0       1       0       636
911     1       1       0       464
912     0       0       1       909
912     1       1       0       533
913     0       0       0       70
913     1       0       0       593
914     0       0       1       850
914     1       0       1       931
915     0       1       0       508
915     1       0       1       445
916     0       1       0       391
916     1       1       0       479
917     0       0       1       752
917     1       1       0       187
918     0       1       0       493
918     1       0       1       747
919     0       0       1       553
919     1       1       0       34
920     0       1       0       224
920     1       1       0       602
921     0       1       0       670
921     1       1       1       232
922     0       0       1       938
922     1       0       0       960
923     0       0       0       666
923     1       0       1       221
924     0       1       0       694
924     1       1       0       752
925     0       0       0       949
925     1       0       1       605
926     0       0       1       356
926     1       0       1       994
927     0       1       1       845
927     1       0       1       546
928     0       0       1       863
928     1       1       1       564
929     0       1       1       985
929     1       1       1       747
930     0       1       1       981
930     1       0       0       62
931     0       0       0       312
931     1       1       0       999
932     0       1       0       67
932     1       1       1       128
933     0       0       1       645
933     1       0       0       812
934     0       0       1       454
934     1       0       0       83
935     0       1       0       512
935     1       0       1       509
936     0       1       1       223
936     1       0       1       958
937     0       0       1       88
937     1       1       1       410
938     0       0       1       50
938     1       1       1       822
939     0       1       0       594
939     1       0       0       873
940     0       1       1       179
940     1       1       1       162
941     0       0       0       527
941     1       1       1       563
942     0       1       0       381
942     1       0       1       965
943     0       0       1       752
943     1       0       0       230
944     0       1       0       698
944     1       1       1       639
945     0       1       0       381
945     1       0       0       30
946     0       0       0       526
946     1       0       0       795
947     0       1       0       334
947     1       0       1       258
948     0       0       0       370
948     1       1       0       514
949     0       0       0       263
949     1       0       0       771
950     0       1       0       963
950     1       1       1       677
951     0       1       0       574
951     1       0       1       262
952     0       1       0       218
952     1       1       0       948
953     0       0       0       871
953     1       1       1       61
954     0       0       0       533
954     1       0       1       425
955     0       0       0       682
955     1       1       1       159
956     0       0       1       683
956     1       0       0       130
957     0       0       0       400
957     1       1       0       554
958     0       0       0       341
958     1       1       1       775
959     0       1       1       513
959     1       0       0       649
960     0       1       0       716
960     1       1       1       534
961     0       1       1       264
961     1       1       0       186
962     0       0       1       960
962     1       0       0       268
963     0       0       1       177
963     1       0       0       346
964     0       1       1       646
964     1       1       0       747
965     0       0       0       904
965     1       1       1       315
966     0       0       1       276
966     1       0       1       154
967     0       1       0       701
967     1       1       1       587
968     0       0       1       652
968     1       0       1       907
969     0       1       1       697
969     1       0       1       208
970     0       1       0       565
970     1       1       0       597
971     0       0       0       808
971     1       1       0       762
972     0       1       0       745
972     1       1       1       789
973     0       1       0       212
973     1       1       1       973
974     0       0       0       312
974     1       0       1       836
975     0       1       1       844
975     1       1       0       938
976     0       1       1       682
976     1       1       0       633
977     0       0       0       253
977     1       1       0       182
978     0       0       0       614
978     1       1       0       802
979     0       0       1       479
979     1       0       1       183
980     0       1       0       927
980     1       1       0       34
981     0       0       0       840
981     1       0       0       930
982     0       0       1       589
982     1       0       0       85
983     0       1       0       443
983     1       0       1       11
984     0       1       1       673
984     1       1       0       421
985     0       1       0       89
985     1       1       1       821
986     0       1       1       260
986     1       1       1       233
987     0       0       1       102
987     1       1       0       903
988     0       0       1       745
988     1       1       1       19
989     0       0       0       634
989     1       0       0       504
990     0       1       1       816
990     1       0       0       826
991     0       0       0       267
991     1       1       0       276
992     0       1       1       910
992     1       1       0       832
993     0       1       1       135
993     1       0       0       71
994     0       1       0       313
994     1       1       0       890
995     0       0       0       307
995     1       1       1       514
996     0       1       0       864
996     1       0       1       131
997     0       1       0       684
997     1       0       0       577
998     0       1       0       999
998     1       0       1       347
999     0       0       0       364
999     1       1       0       105
1000    0       0       0       968
1000    1       1       0       540

Fitness Score       : 2792.5083
Halted              : T
Sigma               : 11
Shifts              : 247
Last State          : 0
Last Position       : 19
Length Traversed    : 20
Avg Block Size      : 2.75
Max Block Size      : 5
Condensed Tape: (5 3 2 1)
**************************************************
