
******** Search completed in 169.136 secs ********

Population size  : 200
Generations      : 20
Mutation Rate    : 1/5
Machine States   : 1000
Shift Limit      : 1000
Fitness weights: 
  Weight a   : 1/50
  Weight b   : 1/20
  Weight c   : 1/50
  Weight d   : 1/30
  Weight e   : 1200
  Weight f   : 1/50
  Weight g   : 1/30
  Weight h   : 1
  Weight i   : 700

**************************************************


******************* best fit *********************
Machine #: (0 0 150 0 1 194 1 0 156 1 1 676 1 1 66 1 0 450 1 1 412 1 0 102 1 1 972 0 1 747
 1 1 459 1 0 214 0 1 330 0 0 8 0 0 256 0 1 935 0 0 988 0 1 230 1 0 228 0 1 796
 0 1 490 1 0 459 1 0 448 0 0 635 0 1 636 0 0 586 0 1 517 0 0 530 1 0 546 1 1
 369 0 1 80 1 1 612 1 0 995 0 1 768 0 0 672 0 0 618 1 1 14 1 1 541 1 0 40 0 1
 119 1 1 311 0 1 479 0 0 495 1 0 819 0 1 496 1 0 528 0 1 898 1 0 350 1 1 399 1
 1 503 1 0 402 0 1 864 1 1 633 0 1 82 1 0 386 1 0 610 1 0 28 1 0 997 0 0 395 1
 1 366 0 1 894 1 0 91 0 1 72 0 1 557 1 1 86 0 1 737 0 0 167 1 0 957 0 1 535 1 0
 698 1 1 872 0 0 330 0 0 985 0 1 459 0 1 757 0 1 950 0 0 690 0 1 289 1 1 484 0
 0 517 1 1 496 0 1 92 1 1 999 1 1 366 0 1 462 0 1 608 0 1 780 0 0 131 0 0 561 1
 1 748 0 0 562 1 0 211 1 1 225 1 0 909 1 1 858 1 1 115 1 1 987 0 0 667 0 0 307
 1 0 489 1 1 629 1 0 420 1 1 30 0 1 531 1 0 748 1 1 665 0 0 832 1 1 13 0 1 779
 0 0 8 0 0 43 1 1 255 0 0 570 1 1 277 0 1 232 0 1 750 1 0 5 1 0 622 0 1 224 1 0
 26 1 1 477 0 1 924 1 1 902 1 1 288 1 0 131 1 0 375 0 0 346 0 1 151 0 0 980 0 1
 444 0 0 619 1 0 447 1 0 484 1 0 267 0 0 801 0 0 576 0 0 158 1 0 287 0 0 896 0
 0 163 0 1 328 0 1 762 0 0 602 0 1 347 0 1 528 0 0 675 1 0 376 1 1 905 1 1 926
 1 1 529 1 0 692 0 1 79 1 0 681 1 0 456 0 1 750 1 1 207 0 0 100 0 0 609 1 1 6 0
 0 488 0 0 12 0 1 535 1 0 529 1 1 405 0 1 190 0 0 869 1 1 403 0 1 52 1 1 368 0
 0 734 0 1 974 0 0 213 1 1 562 0 1 766 0 0 100 0 0 973 1 1 330 0 0 987 0 0 122
 0 0 572 0 1 743 1 1 684 0 0 788 0 0 535 1 0 561 1 0 869 0 1 158 1 1 353 0 0
 251 1 1 829 1 0 314 1 0 869 0 0 373 1 1 814 1 1 391 0 0 495 0 0 711 0 1 83 0 1
 720 0 1 358 1 0 9 1 0 454 0 1 319 1 0 136 0 1 682 0 0 775 0 1 278 0 1 713 0 0
 423 1 0 616 0 0 799 1 1 619 0 1 644 0 0 201 0 0 577 1 1 223 0 1 130 1 1 656 1
 0 391 0 0 643 1 1 707 0 0 859 0 1 98 1 0 209 1 0 145 1 1 657 1 0 629 1 1 432 1
 1 332 1 0 162 0 1 241 1 1 871 1 0 212 1 1 573 1 0 125 1 1 351 0 0 631 1 1 889
 0 1 478 0 1 258 1 1 978 0 1 619 0 1 403 0 0 613 0 0 990 0 0 324 1 0 44 0 0 950
 1 0 893 0 1 700 0 0 847 1 0 420 1 1 83 1 0 55 1 0 786 1 1 8 0 0 486 1 1 479 0
 0 464 1 0 568 1 1 418 1 1 142 0 0 44 0 0 5 0 1 812 0 1 217 0 0 716 0 0 834 0 1
 130 1 0 156 0 1 79 0 0 716 1 1 766 1 0 886 0 0 876 1 1 937 0 1 865 0 0 327 1 0
 240 0 0 389 0 1 971 0 0 308 0 0 888 0 0 555 0 0 727 0 0 798 1 1 736 1 0 134 0
 1 225 0 0 299 1 0 416 0 1 419 0 0 77 0 1 516 1 1 617 1 1 485 0 1 908 0 0 473 0
 1 477 0 1 677 0 0 61 0 0 853 1 0 4 0 1 123 1 1 550 0 1 163 1 1 406 1 0 281 0 1
 258 1 0 550 0 1 446 1 1 582 0 0 932 0 1 483 1 1 854 0 0 463 1 0 610 0 1 275 1
 1 190 0 0 37 1 1 545 0 1 0 1 0 87 1 1 806 0 0 702 0 0 41 1 1 823 1 0 399 1 0
 995 0 1 841 0 0 185 0 0 161 1 1 484 1 1 896 1 0 13 1 0 905 1 0 542 0 1 532 1 1
 529 0 0 414 1 1 69 1 1 526 1 0 713 1 1 188 0 1 915 0 0 551 0 1 27 0 0 427 1 0
 614 1 1 790 0 1 858 1 1 843 1 0 42 0 1 731 0 0 118 0 0 888 1 1 846 1 1 171 1 0
 496 0 1 422 1 1 6 0 1 708 0 0 429 1 0 717 0 1 631 1 0 97 0 1 18 1 0 729 1 1
 233 1 1 231 1 0 640 0 1 256 1 1 585 0 1 42 1 0 979 1 0 282 1 0 92 1 0 946 0 0
 127 1 1 424 0 1 642 1 0 20 0 1 831 0 1 84 1 1 823 0 1 108 0 0 170 1 0 821 0 1
 898 1 0 161 1 1 326 0 0 952 0 0 34 0 1 805 0 1 119 0 1 386 0 0 47 0 1 502 1 1
 507 0 0 246 1 1 958 0 1 553 1 1 964 1 1 48 0 1 288 0 1 869 0 1 852 0 0 268 0 0
 188 1 1 506 0 0 529 1 0 519 1 1 727 1 0 56 1 1 619 1 1 742 1 1 42 0 0 881 0 0
 266 1 0 260 1 1 811 1 0 289 1 1 749 0 1 379 1 0 289 1 1 366 0 0 408 1 1 9 0 1
 159 0 0 82 0 0 403 1 1 155 0 0 76 1 1 401 0 1 924 0 1 103 1 0 340 1 0 152 0 1
 729 1 0 667 1 1 637 0 1 676 1 1 451 1 1 676 1 0 93 1 0 997 0 0 5 0 1 590 0 0
 999 0 1 782 0 0 362 1 0 880 1 0 275 1 0 283 0 0 609 0 0 318 0 0 286 1 0 989 0
 0 543 0 0 615 0 1 982 0 1 126 0 0 716 0 1 651 0 1 43 0 0 361 1 0 280 1 1 791 1
 1 597 1 1 133 1 0 415 0 1 896 1 0 327 1 1 734 0 0 853 0 1 605 1 1 875 1 1 618
 0 1 200 0 0 178 1 1 837 0 0 536 1 1 896 1 1 912 0 0 98 1 0 136 0 0 3 0 1 978 0
 1 842 0 1 330 0 0 464 1 0 194 0 1 786 1 0 623 1 0 714 0 0 158 1 0 331 0 0 263
 1 0 151 0 0 106 0 1 628 1 1 110 1 1 60 0 0 379 1 0 436 1 1 333 1 0 602 0 0 360
 0 1 24 0 1 998 1 1 195 1 0 714 0 0 979 0 1 431 0 1 1 0 0 892 0 0 176 1 1 910 1
 0 546 0 1 574 1 1 996 0 0 802 0 0 148 0 0 41 1 0 154 0 1 790 0 1 756 0 1 600 0
 1 669 1 0 523 1 0 173 0 1 803 0 0 819 0 1 192 1 1 512 0 0 560 1 1 736 1 1 23 0
 1 636 1 0 360 1 0 178 0 0 160 1 0 461 1 0 794 0 0 940 0 1 109 1 1 796 1 1 359
 0 0 624 0 0 491 0 0 7 0 0 805 0 1 631 1 0 342 0 1 318 0 0 480 0 1 83 0 0 243 1
 1 191 0 0 899 0 1 707 1 1 380 0 0 171 0 0 177 1 0 254 0 1 774 0 1 507 0 0 243
 1 0 552 1 1 90 1 0 722 0 0 518 0 1 349 0 0 411 1 0 435 0 0 604 0 1 781 0 0 788
 1 0 501 0 1 92 0 0 332 1 0 739 0 1 560 0 0 110 1 1 424 1 1 445 1 1 775 0 1 498
 1 0 277 0 0 933 1 1 865 0 0 704 1 0 470 1 0 861 1 1 180 0 0 561 1 0 317 0 0
 419 1 0 3 1 1 762 1 0 693 0 0 221 1 0 584 1 1 112 0 1 575 0 0 557 0 0 513 1 1
 700 1 1 845 1 1 453 1 1 511 1 0 371 1 0 762 1 1 782 0 1 916 1 0 593 0 1 141 1
 1 818 0 0 69 1 0 513 0 0 295 0 0 967 0 1 796 1 0 113 0 1 219 0 1 545 0 1 157 1
 0 422 1 0 919 0 0 545 1 0 353 1 0 175 1 0 470 0 1 802 1 0 182 0 1 198 0 0 969
 0 0 489 0 1 161 1 1 317 1 0 99 0 0 118 1 0 575 1 1 776 0 1 390 0 0 300 0 0 353
 0 0 310 0 1 273 0 0 717 1 0 162 0 0 284 1 1 652 1 1 252 0 0 114 1 1 845 0 1
 158 1 0 681 1 0 324 1 1 699 0 0 817 1 0 891 1 0 807 0 1 684 0 0 817 1 0 809 0
 1 277 1 1 936 0 0 765 1 0 892 0 0 927 0 0 830 0 0 749 0 0 899 1 0 612 0 1 414
 0 1 724 1 0 237 1 0 76 1 0 714 1 0 418 0 0 211 0 0 797 0 0 974 0 0 9 1 1 824 0
 0 2 1 0 323 0 0 974 0 1 304 1 0 755 0 0 894 0 1 785 0 0 929 1 0 536 1 1 712 0
 0 72 1 1 997 1 1 996 0 1 935 1 0 349 1 1 974 1 1 119 1 0 133 0 0 26 1 0 879 0
 0 185 1 1 913 0 0 942 0 0 939 1 1 618 0 1 567 1 1 889 1 1 889 0 1 271 0 0 758
 1 1 515 0 0 503 0 1 728 1 1 944 1 1 508 0 1 587 0 0 206 1 1 302 1 0 448 1 1 65
 1 0 388 1 1 974 1 0 245 1 0 539 0 1 77 0 0 102 1 1 566 0 0 981 0 1 377 0 0 141
 0 1 329 0 1 60 1 1 123 0 1 112 1 0 77 0 0 756 1 0 381 0 0 117 1 1 231 1 0 631
 1 0 270 1 0 539 1 1 449 0 1 118 1 1 911 1 0 961 1 0 578 1 1 828 1 1 612 0 0
 328 1 0 399 1 1 122 0 0 559 0 0 949 0 1 131 0 0 714 1 0 121 0 0 97 1 1 105 1 1
 857 0 0 546 1 1 493 1 0 228 1 1 277 0 0 979 1 1 36 1 0 823 0 0 161 0 0 260 0 0
 119 1 1 612 0 0 119 0 1 377 0 0 272 1 1 958 0 0 199 1 0 260 1 1 497 0 0 555 0
 0 788 1 1 996 0 1 338 1 1 757 1 0 177 0 0 190 1 1 937 0 0 220 0 1 750 1 0 215
 1 0 960 1 1 489 1 0 232 1 1 692 1 1 174 1 0 424 0 1 477 1 1 940 1 0 353 1 1
 617 1 0 957 1 1 701 0 0 273 1 1 789 0 1 308 0 1 447 1 1 30 0 1 557 0 1 283 0 0
 273 0 0 457 0 0 493 1 0 618 0 0 729 1 0 216 0 1 956 0 0 42 1 0 630 1 1 542 1 0
 636 1 0 589 1 1 30 0 0 610 1 1 770 0 0 614 1 0 401 1 1 402 1 1 837 0 0 268 0 0
 146 0 1 976 0 1 835 0 0 871 0 0 150 0 1 896 1 0 271 0 1 121 0 0 427 1 1 370 1
 0 375 0 0 941 1 1 869 0 1 674 0 0 717 1 0 17 0 0 177 0 1 681 0 0 753 0 0 168 0
 0 932 0 0 503 0 0 126 1 1 933 1 0 850 0 1 488 0 0 580 1 0 55 0 1 915 1 1 689 0
 0 756 0 1 890 1 1 859 1 1 365 0 1 799 0 0 985 1 1 159 0 0 978 1 1 386 1 1 2 0
 0 482 1 0 316 0 0 601 0 1 724 0 1 652 0 1 936 0 0 232 1 0 879 0 1 661 1 0 419
 1 0 139 0 0 64 1 0 999 0 0 85 1 0 443 0 0 564 0 1 150 1 1 831 1 1 154 0 0 853
 1 0 881 1 1 584 1 0 199 0 0 947 0 1 488 0 1 25 1 1 259 1 0 59 0 0 790 0 1 205
 0 1 438 0 0 171 0 0 855 1 1 253 1 0 630 0 1 179 1 1 809 0 0 731 0 0 245 0 0
 195 1 0 215 0 1 483 0 1 111 0 1 414 0 1 207 1 0 453 1 0 181 0 1 761 0 0 71 0 1
 507 1 1 687 0 0 386 1 1 43 1 1 897 0 1 313 1 0 752 1 0 87 0 0 898 1 0 742 1 0
 112 0 0 365 0 1 883 1 1 74 1 1 176 0 0 851 0 0 94 0 0 611 0 0 473 0 1 501 1 0
 102 0 1 794 0 0 729 0 1 566 0 0 801 1 1 166 0 0 620 0 1 793 1 1 49 0 0 619 0 0
 911 1 0 223 0 1 106 0 1 592 0 0 625 1 0 347 1 1 945 1 0 274 0 0 315 0 1 476 0
 0 900 1 0 719 0 0 210 0 1 439 0 0 278 1 0 16 0 1 640 0 0 503 1 0 660 0 1 951 0
 0 625 1 1 18 1 1 997 1 1 811 0 1 984 1 0 178 0 0 380 1 1 878 0 0 852 1 0 841 1
 0 468 1 1 564 0 0 6 1 0 318 0 0 984 1 0 825 1 1 132 1 0 24 0 0 696 1 0 322 1 1
 510 0 1 225 0 0 682 0 0 801 1 1 349 1 1 919 1 1 87 1 1 892 1 0 84 1 0 376 1 1
 939 0 1 464 1 0 857 0 1 396 1 1 923 0 0 917 1 0 64 0 0 290 0 0 730 0 1 251 1 0
 493 0 1 540 0 1 460 0 1 330 1 0 396 1 0 655 0 0 603 1 0 212 1 0 70 1 0 825 0 1
 969 1 0 846 0 1 757 0 0 132 0 0 959 0 1 819 1 1 27 1 0 775 0 0 728 1 0 941 1 1
 499 0 1 119 0 0 110 0 0 25 0 0 158 0 1 581 0 0 121 1 0 905 0 0 919 1 1 819 1 1
 523 0 0 59 1 1 604 0 1 183 1 0 158 1 0 992 1 1 431 0 0 848 1 0 743 1 0 213 0 1
 811 0 0 944 1 0 642 0 1 460 1 1 584 0 0 659 1 0 926 0 0 29 0 0 835 0 0 436 0 0
 83 1 0 879 0 1 90 0 1 892 1 0 489 1 0 414 1 0 254 1 0 741 0 0 6 0 0 291 0 0
 287 0 0 161 1 1 593 0 0 573 1 0 452 0 0 88 0 1 211 1 0 888 0 0 185 0 1 383 0 0
 461 1 0 644 1 1 432 0 0 916 1 1 371 1 1 743 0 1 975 1 0 688 1 1 876 1 1 746 1
 0 870 0 0 88 1 0 784 0 0 701 1 1 614 0 0 696 0 0 557 1 1 42 0 1 541 1 1 540 1
 1 349 0 1 668 0 0 272 1 1 977 0 0 461 0 1 984 1 1 876 1 1 198 0 1 261 0 0 678
 1 1 738 1 0 19 1 1 535 1 0 831 1 1 346 1 0 914 1 0 566 0 1 451 0 0 685 1 1 125
 0 0 888 0 1 230 0 0 565 0 1 151 0 1 776 1 1 567 0 1 458 1 0 330 0 0 22 1 0 350
 0 0 124 1 1 279 1 0 895 1 0 612 1 0 190 1 1 789 0 1 708 1 1 140 1 0 652 1 0
 430 1 1 765 1 1 191 0 0 347 1 0 364 1 1 80 0 0 577 0 0 411 0 1 321 0 0 607 0 1
 379 0 0 763 1 0 637 0 1 637 0 0 719 1 1 684 0 1 110 1 1 160 1 1 24 0 0 956 1 0
 983 1 0 661 0 0 219 1 0 670 1 1 437 1 0 20 1 1 382 1 0 376 0 0 769 0 1 417 1 1
 656 0 0 617 0 1 387 1 1 955 0 0 293 0 0 836 0 1 172 0 1 56 1 0 127 1 0 464 1 0
 163 1 0 892 0 1 28 1 1 839 0 1 326 1 0 556 1 0 726 1 1 691 0 0 718 0 1 281 1 1
 37 0 0 767 0 0 607 1 0 408 0 1 99 0 1 210 0 0 365 1 0 121 1 1 544 1 0 880 0 0
 61 0 1 414 0 0 582 1 0 678 0 0 312 0 1 155 0 0 198 1 0 816 0 1 787 0 0 645 1 0
 707 0 1 725 0 0 773 1 1 367 1 1 967 1 1 746 0 1 397 1 0 130 0 0 955 1 1 569 0
 0 975 1 0 577 1 0 251 1 1 34 0 0 520 1 0 570 0 0 556 1 0 822 1 1 425 1 0 286 0
 0 984 1 0 921 1 1 413 0 1 186 0 0 595 0 0 42 1 1 869 1 1 759 1 1 275 1 1 442 1
 0 278 1 0 51 1 1 644 0 1 712 1 0 897 0 1 167 1 1 244 0 0 726 1 0 642 0 0 783 0
 0 502 0 1 959 1 0 552 0 1 924 0 1 812 0 1 86 1 0 179 1 0 306 0 0 303 1 0 884 1
 0 830 1 0 152 0 1 162 1 0 132 0 1 253 0 0 824 0 0 854 0 1 760 1 1 334 1 0 720
 0 0 283 1 0 466 1 1 951 0 1 462 0 0 688 0 0 861 0 0 51 0 1 379 0 0 726 1 0 204
 0 0 320 1 1 117 1 1 98 0 0 692 1 1 297 0 1 150 1 0 868 1 0 430 1 1 68 0 0 816
 1 0 211 1 0 356 0 1 849 0 0 442 1 0 90 0 1 349 1 1 475 0 0 488 1 0 536 0 0 2 0
 0 755 0 0 982 0 0 688 1 0 383 0 1 319 0 1 630 1 0 202 1 0 718 1 0 157 1 0 482
 0 0 213 0 0 266 0 0 234 0 0 72 1 1 843 0 0 627 1 0 369 0 0 478 0 1 393 1 0 657
 0 0 51 0 1 652 0 0 309 1 0 161 1 1 351 0 0 453 1 1 11 1 1 479 0 1 826 1 0 349
 1 1 27 1 1 775 1 0 526 0 0 101 1 0 26 0 0 780 1 1 512 0 0 744 0 0 569 1 1 51 0
 1 529 1 1 789 1 1 593 0 1 747 0 0 138 1 1 847 0 0 271 0 1 363 1 1 637 1 1 121
 0 1 215 0 0 594 1 1 277 1 0 205 1 1 662 1 0 891 1 1 881 1 0 422 1 0 594 0 1
 323 0 0 16 1 1 421 0 0 821 0 1 767 0 0 858 0 1 348 0 1 39 1 1 907 0 1 700 1 0
 468 0 0 466 1 0 400 0 0 229 1 1 486 1 0 696 1 0 198 1 0 247 1 1 907 0 1 532 1
 1 606 1 0 187 1 0 756 1 1 242 1 1 640 0 0 895 1 0 775 1 1 993 0 0 342 0 0 840
 0 1 490 0 0 812 0 1 270 0 0 508 1 0 190 0 1 465 0 0 992 1 1 91 0 1 49 1 1 20 1
 1 85 0 0 71 1 0 933 1 0 258 0 0 550 1 0 584 1 1 56 1 0 13 1 1 162 1 0 397 0 0
 939 0 1 200 1 1 504 0 0 104 0 1 25 1 1 297 0 0 250 0 0 681 0 1 636 0 1 106 1 0
 951 1 0 97 1 0 904 1 0 282 0 1 55 1 1 506 0 1 462 1 0 113 1 0 590 1 1 261 0 0
 639 1 1 195 1 0 499 0 0 159 0 0 874 0 0 311 1 1 839 0 0 849 0 1 742 0 0 863 1
 1 653 0 0 994 1 0 323 1 1 901 1 1 55 0 0 523 0 1 954 1 0 954 1 0 417 1 1 51 0
 0 947 0 0 676 1 1 228 0 0 414 0 1 206 0 0 875 0 0 591 0 1 58 1 1 4 1 1 416 1 0
 402 0 0 207 0 0 610 0 1 722 1 0 176 1 1 157 1 0 581 0 0 0 0 1 901 1 0 948 0 1
 488 0 1 546 0 0 393 0 1 129 0 1 419 1 0 720 1 1 210 0 1 918 1 1 363 0 1 61 0 1
 1 0 1 74 1 1 992 0 0 125 1 0 494 1 1 715 1 1 493 1 0 228 1 0 815 0 1 80 0 0 64
 0 0 361 0 1 579 0 0 323 0 1 900 0 0 620 1 0 954 0 1 279 0 1 978 0 0 756 1 1
 680 0 1 69 0 0 591 0 1 34 1 0 640 0 1 964 0 0 648 0 1 487 0 1 148 0 0 617 1 1
 514 0 1 857 0 0 307 1 0 735 1 1 865 1 0 216 0 1 670 1 0 214 0 1 139 1 1 820 1
 0 61 0 0 280 1 1 449 1 1 872 1 1 337 1 0 233 1 0 911 0 1 144 0 1 898 0 0 71 0
 1 591 0 0 474 0 1 562 1 0 269 0 1 917 0 1 802 0 0 465 0 1 379 0 0 472 1 0 390
 1 1 922 0 1 630 0 1 827 0 1 195 0 0 716 0 0 23 0 1 799 0 1 906 0 1 575 1 0 496
 1 0 460 0 0 41 1 0 752 0 0 225 0 1 246 1 1 549 0 1 172 1 0 114 1 0 758 0 0 762
 1 1 533 0 0 805 1 1 870 0 0 898 0 1 115 0 0 396 1 1 422 0 0 110 0 1 726 0 0
 795 1 1 299 1 0 996 0 1 426 0 0 200 1 0 170 1 1 857 0 1 841 1 1 120 1 0 789 0
 1 272 1 1 306 0 1 495 0 0 475 1 1 737 1 1 510 1 0 23 0 0 189 0 0 77 1 1 219 1
 0 795 1 1 763 1 0 231 0 1 409 1 1 600 1 0 911 0 1 871 1 0 924 0 0 480 0 0 534
 1 0 85 1 0 718 1 0 947 0 1 893 0 0 32 0 1 806 1 1 962 0 0 696 1 1 118 0 1 338
 0 1 545 0 0 417 1 1 874 1 0 964 1 0 356 1 0 155 0 0 947 1 1 793 1 0 472 0 0
 572 1 0 558 0 0 797 0 0 17 1 0 227 1 0 11 1 1 165 1 1 627 0 0 692 1 0 572 1 1
 101 0 0 614 0 1 86 0 0 922 0 1 901 0 0 406 0 0 620 1 0 892 1 0 480 0 1 76 1 0
 855 0 1 577 1 0 374 0 1 8 1 0 372 1 1 243 1 1 536 0 0 840 0 0 613 0 0 557 0 1
 239 1 1 551 0 1 315 1 0 789 0 1 269 0 0 978 1 1 104 1 0 667 1 0 241 1 0 816 1
 1 205 1 0 859 1 1 899 1 1 708 1 1 179 0 0 408 0 1 321 0 0 994 0 0 95 0 1 617 0
 0 711 0 1 263 0 1 792 0 1 292 1 1 940 1 1 877 0 0 38 1 0 17 0 1 426 0 0 859 0
 0 740 1 1 666 0 1 494 0 0 412 0 0 546 1 0 316 0 1 997 1 1 997 0 0 208 1 0 897
 0 0 105 1 0 952 0 0 608 1 0 613 0 0 639 0 0 135 0 0 435 1 0 775 0 1 23 0 0 788
 1 0 902 0 0 83 1 0 750 0 1 601 0 1 100 0 0 978 1 0 895 1 1 827 1 1 732 0 0 247
 1 0 877 0 0 48 0 1 162 1 0 207 1 1 464 1 0 236 1 1 307 0 0 168 1 1 543 1 1 63
 0 0 662 1 1 304 0 1 142 1 1 70 0 0 525 0 1 686 0 1 181 1 1 853 0 1 524 1 0 117
 1 1 903 0 1 657 1 1 440 1 0 400 0 0 35 1 1 515 0 1 490 1 0 457 0 1 89 0 0 288
 0 0 179 1 0 277 0 0 31 1 1 593 0 1 568 1 1 556 1 0 765 1 1 968 0 0 76 1 0 593
 1 1 64 0 0 419 0 1 998 1 1 66 0 1 885 1 0 489 0 1 312 1 1 164 1 0 689 0 0 832
 0 0 33 0 1 319 1 1 170 0 0 227 1 0 57 0 0 735 0 1 353 0 1 590 1 1 69 1 1 272 0
 0 461 0 0 435 1 1 192 1 1 344 0 1 171 0 1 133 1 1 419 1 1 37 1 1 697 0 0 330 0
 0 323 1 0 395 0 1 243 0 0 546 0 1 98 1 1 285 0 0 389 0 1 149 1 1 73 1 0 317 1
 0 609 0 0 760 0 0 276 0 1 351 0 0 249 1 1 989 0 1 827 1 0 394 0 1 163 1 1 358
 1 1 777 1 0 446 1 1 461 1 0 171 0 1 530 1 0 742 1 0 29 1 0 207 0 0 824 0 0 980
 1 0 991 0 1 404 1 1 999 0 1 210 0 1 641 0 0 216 0 1 519 1 1 862 0 1 849 0 0
 312 1 0 197 1 0 322 1 0 232 1 1 619 0 0 274 1 0 5 1 1 389 0 0 110 0 0 8 1 1
 532 0 0 836 0 0 847 0 0 185 0 1 851 0 0 515 1 0 308 0 0 126 1 0 120 1 0 905 0
 0 281 1 0 726 0 0 996 0 1 378 1 0 157 0 1 341 1 1 814 0 1 588 0 1 540 1 0 778
 0 0 618 0 1 460 0 1 471 0 1 144 1 0 253 1 1 868 0 0 786 0 1 956 0 1 279 1 0 40
 1 0 946 1 0 199 0 0 65 0 1 71 1 0 975 1 1 958 0 1 989 1 0 666 1 0 990 1 0 517
 0 0 699 0 0 767 0 1 448 1 0 536 1 1 9 0 0 861 1 1 630 1 1 665 1 1 355 0 1 80 0
 0 92 1 1 184 1 1 720 1 0 321 0 1 913 1 1 265 1 1 578 1 0 965 1 0 671 0 0 287 1
 0 177 1 0 338 1 0 491 1 0 981 0 0 122 1 1 31 1 1 567 0 0 506 0 1 449 1 1 85 1
 1 812 0 1 67 1 1 785 0 0 597 1 1 692 0 0 635 1 1 821 0 1 542 1 0 148 0 1 115 0
 1 956 1 0 18 1 1 296 1 0 512 0 1 19 0 0 418 0 1 258 1 0 285 0 0 617 0 1 254 1
 1 914 1 0 545 1 1 558 1 0 303 1 1 297 0 1 964 0 1 898 0 0 319 1 1 327 0 1 141
 0 0 877 0 0 217 0 0 958 1 1 805 0 0 534 0 1 432 1 0 199 0 1 120 1 0 279 0 1
 414 0 0 741 1 0 287 0 1 3 0 0 906 0 0 6 1 1 258 1 0 865 1 0 207 1 1 911 1 0
 940 0 0 310 0 0 840 1 0 130 1 0 529 1 1 867 1 0 76 1 0 802 0 1 358 0 0 691 1 0
 421 0 0 17 0 0 851 1 0 316 0 1 665 0 1 282 1 0 88 0 0 684 0 0 955 0 1 563 1 0
 214 0 0 194 1 1 588 0 1 229 0 1 894 0 1 809 1 1 158 1 0 219 0 1 216 1 0 136 0
 1 30 0 1 348 0 1 603 0 0 866 1 1 719 1 1 256 0 0 693 0 0 47 1 0 585 1 1 314 0
 0 639 1 1 472 1 0 254 0 0 122 0 1 935 0 0 759 1 1 638 0 1 678 0 1 319 0 0 341
 0 1 969 0 1 592 1 1 227)
States: 1000

State   Read    Write   Move    Next-State
1       0       0       0       150
1       1       0       1       194
2       0       1       0       156
2       1       1       1       676
3       0       1       1       66
3       1       1       0       450
4       0       1       1       412
4       1       1       0       102
5       0       1       1       972
5       1       0       1       747
6       0       1       1       459
6       1       1       0       214
7       0       0       1       330
7       1       0       0       8
8       0       0       0       256
8       1       0       1       935
9       0       0       0       988
9       1       0       1       230
10      0       1       0       228
10      1       0       1       796
11      0       0       1       490
11      1       1       0       459
12      0       1       0       448
12      1       0       0       635
13      0       0       1       636
13      1       0       0       586
14      0       0       1       517
14      1       0       0       530
15      0       1       0       546
15      1       1       1       369
16      0       0       1       80
16      1       1       1       612
17      0       1       0       995
17      1       0       1       768
18      0       0       0       672
18      1       0       0       618
19      0       1       1       14
19      1       1       1       541
20      0       1       0       40
20      1       0       1       119
21      0       1       1       311
21      1       0       1       479
22      0       0       0       495
22      1       1       0       819
23      0       0       1       496
23      1       1       0       528
24      0       0       1       898
24      1       1       0       350
25      0       1       1       399
25      1       1       1       503
26      0       1       0       402
26      1       0       1       864
27      0       1       1       633
27      1       0       1       82
28      0       1       0       386
28      1       1       0       610
29      0       1       0       28
29      1       1       0       997
30      0       0       0       395
30      1       1       1       366
31      0       0       1       894
31      1       1       0       91
32      0       0       1       72
32      1       0       1       557
33      0       1       1       86
33      1       0       1       737
34      0       0       0       167
34      1       1       0       957
35      0       0       1       535
35      1       1       0       698
36      0       1       1       872
36      1       0       0       330
37      0       0       0       985
37      1       0       1       459
38      0       0       1       757
38      1       0       1       950
39      0       0       0       690
39      1       0       1       289
40      0       1       1       484
40      1       0       0       517
41      0       1       1       496
41      1       0       1       92
42      0       1       1       999
42      1       1       1       366
43      0       0       1       462
43      1       0       1       608
44      0       0       1       780
44      1       0       0       131
45      0       0       0       561
45      1       1       1       748
46      0       0       0       562
46      1       1       0       211
47      0       1       1       225
47      1       1       0       909
48      0       1       1       858
48      1       1       1       115
49      0       1       1       987
49      1       0       0       667
50      0       0       0       307
50      1       1       0       489
51      0       1       1       629
51      1       1       0       420
52      0       1       1       30
52      1       0       1       531
53      0       1       0       748
53      1       1       1       665
54      0       0       0       832
54      1       1       1       13
55      0       0       1       779
55      1       0       0       8
56      0       0       0       43
56      1       1       1       255
57      0       0       0       570
57      1       1       1       277
58      0       0       1       232
58      1       0       1       750
59      0       1       0       5
59      1       1       0       622
60      0       0       1       224
60      1       1       0       26
61      0       1       1       477
61      1       0       1       924
62      0       1       1       902
62      1       1       1       288
63      0       1       0       131
63      1       1       0       375
64      0       0       0       346
64      1       0       1       151
65      0       0       0       980
65      1       0       1       444
66      0       0       0       619
66      1       1       0       447
67      0       1       0       484
67      1       1       0       267
68      0       0       0       801
68      1       0       0       576
69      0       0       0       158
69      1       1       0       287
70      0       0       0       896
70      1       0       0       163
71      0       0       1       328
71      1       0       1       762
72      0       0       0       602
72      1       0       1       347
73      0       0       1       528
73      1       0       0       675
74      0       1       0       376
74      1       1       1       905
75      0       1       1       926
75      1       1       1       529
76      0       1       0       692
76      1       0       1       79
77      0       1       0       681
77      1       1       0       456
78      0       0       1       750
78      1       1       1       207
79      0       0       0       100
79      1       0       0       609
80      0       1       1       6
80      1       0       0       488
81      0       0       0       12
81      1       0       1       535
82      0       1       0       529
82      1       1       1       405
83      0       0       1       190
83      1       0       0       869
84      0       1       1       403
84      1       0       1       52
85      0       1       1       368
85      1       0       0       734
86      0       0       1       974
86      1       0       0       213
87      0       1       1       562
87      1       0       1       766
88      0       0       0       100
88      1       0       0       973
89      0       1       1       330
89      1       0       0       987
90      0       0       0       122
90      1       0       0       572
91      0       0       1       743
91      1       1       1       684
92      0       0       0       788
92      1       0       0       535
93      0       1       0       561
93      1       1       0       869
94      0       0       1       158
94      1       1       1       353
95      0       0       0       251
95      1       1       1       829
96      0       1       0       314
96      1       1       0       869
97      0       0       0       373
97      1       1       1       814
98      0       1       1       391
98      1       0       0       495
99      0       0       0       711
99      1       0       1       83
100     0       0       1       720
100     1       0       1       358
101     0       1       0       9
101     1       1       0       454
102     0       0       1       319
102     1       1       0       136
103     0       0       1       682
103     1       0       0       775
104     0       0       1       278
104     1       0       1       713
105     0       0       0       423
105     1       1       0       616
106     0       0       0       799
106     1       1       1       619
107     0       0       1       644
107     1       0       0       201
108     0       0       0       577
108     1       1       1       223
109     0       0       1       130
109     1       1       1       656
110     0       1       0       391
110     1       0       0       643
111     0       1       1       707
111     1       0       0       859
112     0       0       1       98
112     1       1       0       209
113     0       1       0       145
113     1       1       1       657
114     0       1       0       629
114     1       1       1       432
115     0       1       1       332
115     1       1       0       162
116     0       0       1       241
116     1       1       1       871
117     0       1       0       212
117     1       1       1       573
118     0       1       0       125
118     1       1       1       351
119     0       0       0       631
119     1       1       1       889
120     0       0       1       478
120     1       0       1       258
121     0       1       1       978
121     1       0       1       619
122     0       0       1       403
122     1       0       0       613
123     0       0       0       990
123     1       0       0       324
124     0       1       0       44
124     1       0       0       950
125     0       1       0       893
125     1       0       1       700
126     0       0       0       847
126     1       1       0       420
127     0       1       1       83
127     1       1       0       55
128     0       1       0       786
128     1       1       1       8
129     0       0       0       486
129     1       1       1       479
130     0       0       0       464
130     1       1       0       568
131     0       1       1       418
131     1       1       1       142
132     0       0       0       44
132     1       0       0       5
133     0       0       1       812
133     1       0       1       217
134     0       0       0       716
134     1       0       0       834
135     0       0       1       130
135     1       1       0       156
136     0       0       1       79
136     1       0       0       716
137     0       1       1       766
137     1       1       0       886
138     0       0       0       876
138     1       1       1       937
139     0       0       1       865
139     1       0       0       327
140     0       1       0       240
140     1       0       0       389
141     0       0       1       971
141     1       0       0       308
142     0       0       0       888
142     1       0       0       555
143     0       0       0       727
143     1       0       0       798
144     0       1       1       736
144     1       1       0       134
145     0       0       1       225
145     1       0       0       299
146     0       1       0       416
146     1       0       1       419
147     0       0       0       77
147     1       0       1       516
148     0       1       1       617
148     1       1       1       485
149     0       0       1       908
149     1       0       0       473
150     0       0       1       477
150     1       0       1       677
151     0       0       0       61
151     1       0       0       853
152     0       1       0       4
152     1       0       1       123
153     0       1       1       550
153     1       0       1       163
154     0       1       1       406
154     1       1       0       281
155     0       0       1       258
155     1       1       0       550
156     0       0       1       446
156     1       1       1       582
157     0       0       0       932
157     1       0       1       483
158     0       1       1       854
158     1       0       0       463
159     0       1       0       610
159     1       0       1       275
160     0       1       1       190
160     1       0       0       37
161     0       1       1       545
161     1       0       1       0
162     0       1       0       87
162     1       1       1       806
163     0       0       0       702
163     1       0       0       41
164     0       1       1       823
164     1       1       0       399
165     0       1       0       995
165     1       0       1       841
166     0       0       0       185
166     1       0       0       161
167     0       1       1       484
167     1       1       1       896
168     0       1       0       13
168     1       1       0       905
169     0       1       0       542
169     1       0       1       532
170     0       1       1       529
170     1       0       0       414
171     0       1       1       69
171     1       1       1       526
172     0       1       0       713
172     1       1       1       188
173     0       0       1       915
173     1       0       0       551
174     0       0       1       27
174     1       0       0       427
175     0       1       0       614
175     1       1       1       790
176     0       0       1       858
176     1       1       1       843
177     0       1       0       42
177     1       0       1       731
178     0       0       0       118
178     1       0       0       888
179     0       1       1       846
179     1       1       1       171
180     0       1       0       496
180     1       0       1       422
181     0       1       1       6
181     1       0       1       708
182     0       0       0       429
182     1       1       0       717
183     0       0       1       631
183     1       1       0       97
184     0       0       1       18
184     1       1       0       729
185     0       1       1       233
185     1       1       1       231
186     0       1       0       640
186     1       0       1       256
187     0       1       1       585
187     1       0       1       42
188     0       1       0       979
188     1       1       0       282
189     0       1       0       92
189     1       1       0       946
190     0       0       0       127
190     1       1       1       424
191     0       0       1       642
191     1       1       0       20
192     0       0       1       831
192     1       0       1       84
193     0       1       1       823
193     1       0       1       108
194     0       0       0       170
194     1       1       0       821
195     0       0       1       898
195     1       1       0       161
196     0       1       1       326
196     1       0       0       952
197     0       0       0       34
197     1       0       1       805
198     0       0       1       119
198     1       0       1       386
199     0       0       0       47
199     1       0       1       502
200     0       1       1       507
200     1       0       0       246
201     0       1       1       958
201     1       0       1       553
202     0       1       1       964
202     1       1       1       48
203     0       0       1       288
203     1       0       1       869
204     0       0       1       852
204     1       0       0       268
205     0       0       0       188
205     1       1       1       506
206     0       0       0       529
206     1       1       0       519
207     0       1       1       727
207     1       1       0       56
208     0       1       1       619
208     1       1       1       742
209     0       1       1       42
209     1       0       0       881
210     0       0       0       266
210     1       1       0       260
211     0       1       1       811
211     1       1       0       289
212     0       1       1       749
212     1       0       1       379
213     0       1       0       289
213     1       1       1       366
214     0       0       0       408
214     1       1       1       9
215     0       0       1       159
215     1       0       0       82
216     0       0       0       403
216     1       1       1       155
217     0       0       0       76
217     1       1       1       401
218     0       0       1       924
218     1       0       1       103
219     0       1       0       340
219     1       1       0       152
220     0       0       1       729
220     1       1       0       667
221     0       1       1       637
221     1       0       1       676
222     0       1       1       451
222     1       1       1       676
223     0       1       0       93
223     1       1       0       997
224     0       0       0       5
224     1       0       1       590
225     0       0       0       999
225     1       0       1       782
226     0       0       0       362
226     1       1       0       880
227     0       1       0       275
227     1       1       0       283
228     0       0       0       609
228     1       0       0       318
229     0       0       0       286
229     1       1       0       989
230     0       0       0       543
230     1       0       0       615
231     0       0       1       982
231     1       0       1       126
232     0       0       0       716
232     1       0       1       651
233     0       0       1       43
233     1       0       0       361
234     0       1       0       280
234     1       1       1       791
235     0       1       1       597
235     1       1       1       133
236     0       1       0       415
236     1       0       1       896
237     0       1       0       327
237     1       1       1       734
238     0       0       0       853
238     1       0       1       605
239     0       1       1       875
239     1       1       1       618
240     0       0       1       200
240     1       0       0       178
241     0       1       1       837
241     1       0       0       536
242     0       1       1       896
242     1       1       1       912
243     0       0       0       98
243     1       1       0       136
244     0       0       0       3
244     1       0       1       978
245     0       0       1       842
245     1       0       1       330
246     0       0       0       464
246     1       1       0       194
247     0       0       1       786
247     1       1       0       623
248     0       1       0       714
248     1       0       0       158
249     0       1       0       331
249     1       0       0       263
250     0       1       0       151
250     1       0       0       106
251     0       0       1       628
251     1       1       1       110
252     0       1       1       60
252     1       0       0       379
253     0       1       0       436
253     1       1       1       333
254     0       1       0       602
254     1       0       0       360
255     0       0       1       24
255     1       0       1       998
256     0       1       1       195
256     1       1       0       714
257     0       0       0       979
257     1       0       1       431
258     0       0       1       1
258     1       0       0       892
259     0       0       0       176
259     1       1       1       910
260     0       1       0       546
260     1       0       1       574
261     0       1       1       996
261     1       0       0       802
262     0       0       0       148
262     1       0       0       41
263     0       1       0       154
263     1       0       1       790
264     0       0       1       756
264     1       0       1       600
265     0       0       1       669
265     1       1       0       523
266     0       1       0       173
266     1       0       1       803
267     0       0       0       819
267     1       0       1       192
268     0       1       1       512
268     1       0       0       560
269     0       1       1       736
269     1       1       1       23
270     0       0       1       636
270     1       1       0       360
271     0       1       0       178
271     1       0       0       160
272     0       1       0       461
272     1       1       0       794
273     0       0       0       940
273     1       0       1       109
274     0       1       1       796
274     1       1       1       359
275     0       0       0       624
275     1       0       0       491
276     0       0       0       7
276     1       0       0       805
277     0       0       1       631
277     1       1       0       342
278     0       0       1       318
278     1       0       0       480
279     0       0       1       83
279     1       0       0       243
280     0       1       1       191
280     1       0       0       899
281     0       0       1       707
281     1       1       1       380
282     0       0       0       171
282     1       0       0       177
283     0       1       0       254
283     1       0       1       774
284     0       0       1       507
284     1       0       0       243
285     0       1       0       552
285     1       1       1       90
286     0       1       0       722
286     1       0       0       518
287     0       0       1       349
287     1       0       0       411
288     0       1       0       435
288     1       0       0       604
289     0       0       1       781
289     1       0       0       788
290     0       1       0       501
290     1       0       1       92
291     0       0       0       332
291     1       1       0       739
292     0       0       1       560
292     1       0       0       110
293     0       1       1       424
293     1       1       1       445
294     0       1       1       775
294     1       0       1       498
295     0       1       0       277
295     1       0       0       933
296     0       1       1       865
296     1       0       0       704
297     0       1       0       470
297     1       1       0       861
298     0       1       1       180
298     1       0       0       561
299     0       1       0       317
299     1       0       0       419
300     0       1       0       3
300     1       1       1       762
301     0       1       0       693
301     1       0       0       221
302     0       1       0       584
302     1       1       1       112
303     0       0       1       575
303     1       0       0       557
304     0       0       0       513
304     1       1       1       700
305     0       1       1       845
305     1       1       1       453
306     0       1       1       511
306     1       1       0       371
307     0       1       0       762
307     1       1       1       782
308     0       0       1       916
308     1       1       0       593
309     0       0       1       141
309     1       1       1       818
310     0       0       0       69
310     1       1       0       513
311     0       0       0       295
311     1       0       0       967
312     0       0       1       796
312     1       1       0       113
313     0       0       1       219
313     1       0       1       545
314     0       0       1       157
314     1       1       0       422
315     0       1       0       919
315     1       0       0       545
316     0       1       0       353
316     1       1       0       175
317     0       1       0       470
317     1       0       1       802
318     0       1       0       182
318     1       0       1       198
319     0       0       0       969
319     1       0       0       489
320     0       0       1       161
320     1       1       1       317
321     0       1       0       99
321     1       0       0       118
322     0       1       0       575
322     1       1       1       776
323     0       0       1       390
323     1       0       0       300
324     0       0       0       353
324     1       0       0       310
325     0       0       1       273
325     1       0       0       717
326     0       1       0       162
326     1       0       0       284
327     0       1       1       652
327     1       1       1       252
328     0       0       0       114
328     1       1       1       845
329     0       0       1       158
329     1       1       0       681
330     0       1       0       324
330     1       1       1       699
331     0       0       0       817
331     1       1       0       891
332     0       1       0       807
332     1       0       1       684
333     0       0       0       817
333     1       1       0       809
334     0       0       1       277
334     1       1       1       936
335     0       0       0       765
335     1       1       0       892
336     0       0       0       927
336     1       0       0       830
337     0       0       0       749
337     1       0       0       899
338     0       1       0       612
338     1       0       1       414
339     0       0       1       724
339     1       1       0       237
340     0       1       0       76
340     1       1       0       714
341     0       1       0       418
341     1       0       0       211
342     0       0       0       797
342     1       0       0       974
343     0       0       0       9
343     1       1       1       824
344     0       0       0       2
344     1       1       0       323
345     0       0       0       974
345     1       0       1       304
346     0       1       0       755
346     1       0       0       894
347     0       0       1       785
347     1       0       0       929
348     0       1       0       536
348     1       1       1       712
349     0       0       0       72
349     1       1       1       997
350     0       1       1       996
350     1       0       1       935
351     0       1       0       349
351     1       1       1       974
352     0       1       1       119
352     1       1       0       133
353     0       0       0       26
353     1       1       0       879
354     0       0       0       185
354     1       1       1       913
355     0       0       0       942
355     1       0       0       939
356     0       1       1       618
356     1       0       1       567
357     0       1       1       889
357     1       1       1       889
358     0       0       1       271
358     1       0       0       758
359     0       1       1       515
359     1       0       0       503
360     0       0       1       728
360     1       1       1       944
361     0       1       1       508
361     1       0       1       587
362     0       0       0       206
362     1       1       1       302
363     0       1       0       448
363     1       1       1       65
364     0       1       0       388
364     1       1       1       974
365     0       1       0       245
365     1       1       0       539
366     0       0       1       77
366     1       0       0       102
367     0       1       1       566
367     1       0       0       981
368     0       0       1       377
368     1       0       0       141
369     0       0       1       329
369     1       0       1       60
370     0       1       1       123
370     1       0       1       112
371     0       1       0       77
371     1       0       0       756
372     0       1       0       381
372     1       0       0       117
373     0       1       1       231
373     1       1       0       631
374     0       1       0       270
374     1       1       0       539
375     0       1       1       449
375     1       0       1       118
376     0       1       1       911
376     1       1       0       961
377     0       1       0       578
377     1       1       1       828
378     0       1       1       612
378     1       0       0       328
379     0       1       0       399
379     1       1       1       122
380     0       0       0       559
380     1       0       0       949
381     0       0       1       131
381     1       0       0       714
382     0       1       0       121
382     1       0       0       97
383     0       1       1       105
383     1       1       1       857
384     0       0       0       546
384     1       1       1       493
385     0       1       0       228
385     1       1       1       277
386     0       0       0       979
386     1       1       1       36
387     0       1       0       823
387     1       0       0       161
388     0       0       0       260
388     1       0       0       119
389     0       1       1       612
389     1       0       0       119
390     0       0       1       377
390     1       0       0       272
391     0       1       1       958
391     1       0       0       199
392     0       1       0       260
392     1       1       1       497
393     0       0       0       555
393     1       0       0       788
394     0       1       1       996
394     1       0       1       338
395     0       1       1       757
395     1       1       0       177
396     0       0       0       190
396     1       1       1       937
397     0       0       0       220
397     1       0       1       750
398     0       1       0       215
398     1       1       0       960
399     0       1       1       489
399     1       1       0       232
400     0       1       1       692
400     1       1       1       174
401     0       1       0       424
401     1       0       1       477
402     0       1       1       940
402     1       1       0       353
403     0       1       1       617
403     1       1       0       957
404     0       1       1       701
404     1       0       0       273
405     0       1       1       789
405     1       0       1       308
406     0       0       1       447
406     1       1       1       30
407     0       0       1       557
407     1       0       1       283
408     0       0       0       273
408     1       0       0       457
409     0       0       0       493
409     1       1       0       618
410     0       0       0       729
410     1       1       0       216
411     0       0       1       956
411     1       0       0       42
412     0       1       0       630
412     1       1       1       542
413     0       1       0       636
413     1       1       0       589
414     0       1       1       30
414     1       0       0       610
415     0       1       1       770
415     1       0       0       614
416     0       1       0       401
416     1       1       1       402
417     0       1       1       837
417     1       0       0       268
418     0       0       0       146
418     1       0       1       976
419     0       0       1       835
419     1       0       0       871
420     0       0       0       150
420     1       0       1       896
421     0       1       0       271
421     1       0       1       121
422     0       0       0       427
422     1       1       1       370
423     0       1       0       375
423     1       0       0       941
424     0       1       1       869
424     1       0       1       674
425     0       0       0       717
425     1       1       0       17
426     0       0       0       177
426     1       0       1       681
427     0       0       0       753
427     1       0       0       168
428     0       0       0       932
428     1       0       0       503
429     0       0       0       126
429     1       1       1       933
430     0       1       0       850
430     1       0       1       488
431     0       0       0       580
431     1       1       0       55
432     0       0       1       915
432     1       1       1       689
433     0       0       0       756
433     1       0       1       890
434     0       1       1       859
434     1       1       1       365
435     0       0       1       799
435     1       0       0       985
436     0       1       1       159
436     1       0       0       978
437     0       1       1       386
437     1       1       1       2
438     0       0       0       482
438     1       1       0       316
439     0       0       0       601
439     1       0       1       724
440     0       0       1       652
440     1       0       1       936
441     0       0       0       232
441     1       1       0       879
442     0       0       1       661
442     1       1       0       419
443     0       1       0       139
443     1       0       0       64
444     0       1       0       999
444     1       0       0       85
445     0       1       0       443
445     1       0       0       564
446     0       0       1       150
446     1       1       1       831
447     0       1       1       154
447     1       0       0       853
448     0       1       0       881
448     1       1       1       584
449     0       1       0       199
449     1       0       0       947
450     0       0       1       488
450     1       0       1       25
451     0       1       1       259
451     1       1       0       59
452     0       0       0       790
452     1       0       1       205
453     0       0       1       438
453     1       0       0       171
454     0       0       0       855
454     1       1       1       253
455     0       1       0       630
455     1       0       1       179
456     0       1       1       809
456     1       0       0       731
457     0       0       0       245
457     1       0       0       195
458     0       1       0       215
458     1       0       1       483
459     0       0       1       111
459     1       0       1       414
460     0       0       1       207
460     1       1       0       453
461     0       1       0       181
461     1       0       1       761
462     0       0       0       71
462     1       0       1       507
463     0       1       1       687
463     1       0       0       386
464     0       1       1       43
464     1       1       1       897
465     0       0       1       313
465     1       1       0       752
466     0       1       0       87
466     1       0       0       898
467     0       1       0       742
467     1       1       0       112
468     0       0       0       365
468     1       0       1       883
469     0       1       1       74
469     1       1       1       176
470     0       0       0       851
470     1       0       0       94
471     0       0       0       611
471     1       0       0       473
472     0       0       1       501
472     1       1       0       102
473     0       0       1       794
473     1       0       0       729
474     0       0       1       566
474     1       0       0       801
475     0       1       1       166
475     1       0       0       620
476     0       0       1       793
476     1       1       1       49
477     0       0       0       619
477     1       0       0       911
478     0       1       0       223
478     1       0       1       106
479     0       0       1       592
479     1       0       0       625
480     0       1       0       347
480     1       1       1       945
481     0       1       0       274
481     1       0       0       315
482     0       0       1       476
482     1       0       0       900
483     0       1       0       719
483     1       0       0       210
484     0       0       1       439
484     1       0       0       278
485     0       1       0       16
485     1       0       1       640
486     0       0       0       503
486     1       1       0       660
487     0       0       1       951
487     1       0       0       625
488     0       1       1       18
488     1       1       1       997
489     0       1       1       811
489     1       0       1       984
490     0       1       0       178
490     1       0       0       380
491     0       1       1       878
491     1       0       0       852
492     0       1       0       841
492     1       1       0       468
493     0       1       1       564
493     1       0       0       6
494     0       1       0       318
494     1       0       0       984
495     0       1       0       825
495     1       1       1       132
496     0       1       0       24
496     1       0       0       696
497     0       1       0       322
497     1       1       1       510
498     0       0       1       225
498     1       0       0       682
499     0       0       0       801
499     1       1       1       349
500     0       1       1       919
500     1       1       1       87
501     0       1       1       892
501     1       1       0       84
502     0       1       0       376
502     1       1       1       939
503     0       0       1       464
503     1       1       0       857
504     0       0       1       396
504     1       1       1       923
505     0       0       0       917
505     1       1       0       64
506     0       0       0       290
506     1       0       0       730
507     0       0       1       251
507     1       1       0       493
508     0       0       1       540
508     1       0       1       460
509     0       0       1       330
509     1       1       0       396
510     0       1       0       655
510     1       0       0       603
511     0       1       0       212
511     1       1       0       70
512     0       1       0       825
512     1       0       1       969
513     0       1       0       846
513     1       0       1       757
514     0       0       0       132
514     1       0       0       959
515     0       0       1       819
515     1       1       1       27
516     0       1       0       775
516     1       0       0       728
517     0       1       0       941
517     1       1       1       499
518     0       0       1       119
518     1       0       0       110
519     0       0       0       25
519     1       0       0       158
520     0       0       1       581
520     1       0       0       121
521     0       1       0       905
521     1       0       0       919
522     0       1       1       819
522     1       1       1       523
523     0       0       0       59
523     1       1       1       604
524     0       0       1       183
524     1       1       0       158
525     0       1       0       992
525     1       1       1       431
526     0       0       0       848
526     1       1       0       743
527     0       1       0       213
527     1       0       1       811
528     0       0       0       944
528     1       1       0       642
529     0       0       1       460
529     1       1       1       584
530     0       0       0       659
530     1       1       0       926
531     0       0       0       29
531     1       0       0       835
532     0       0       0       436
532     1       0       0       83
533     0       1       0       879
533     1       0       1       90
534     0       0       1       892
534     1       1       0       489
535     0       1       0       414
535     1       1       0       254
536     0       1       0       741
536     1       0       0       6
537     0       0       0       291
537     1       0       0       287
538     0       0       0       161
538     1       1       1       593
539     0       0       0       573
539     1       1       0       452
540     0       0       0       88
540     1       0       1       211
541     0       1       0       888
541     1       0       0       185
542     0       0       1       383
542     1       0       0       461
543     0       1       0       644
543     1       1       1       432
544     0       0       0       916
544     1       1       1       371
545     0       1       1       743
545     1       0       1       975
546     0       1       0       688
546     1       1       1       876
547     0       1       1       746
547     1       1       0       870
548     0       0       0       88
548     1       1       0       784
549     0       0       0       701
549     1       1       1       614
550     0       0       0       696
550     1       0       0       557
551     0       1       1       42
551     1       0       1       541
552     0       1       1       540
552     1       1       1       349
553     0       0       1       668
553     1       0       0       272
554     0       1       1       977
554     1       0       0       461
555     0       0       1       984
555     1       1       1       876
556     0       1       1       198
556     1       0       1       261
557     0       0       0       678
557     1       1       1       738
558     0       1       0       19
558     1       1       1       535
559     0       1       0       831
559     1       1       1       346
560     0       1       0       914
560     1       1       0       566
561     0       0       1       451
561     1       0       0       685
562     0       1       1       125
562     1       0       0       888
563     0       0       1       230
563     1       0       0       565
564     0       0       1       151
564     1       0       1       776
565     0       1       1       567
565     1       0       1       458
566     0       1       0       330
566     1       0       0       22
567     0       1       0       350
567     1       0       0       124
568     0       1       1       279
568     1       1       0       895
569     0       1       0       612
569     1       1       0       190
570     0       1       1       789
570     1       0       1       708
571     0       1       1       140
571     1       1       0       652
572     0       1       0       430
572     1       1       1       765
573     0       1       1       191
573     1       0       0       347
574     0       1       0       364
574     1       1       1       80
575     0       0       0       577
575     1       0       0       411
576     0       0       1       321
576     1       0       0       607
577     0       0       1       379
577     1       0       0       763
578     0       1       0       637
578     1       0       1       637
579     0       0       0       719
579     1       1       1       684
580     0       0       1       110
580     1       1       1       160
581     0       1       1       24
581     1       0       0       956
582     0       1       0       983
582     1       1       0       661
583     0       0       0       219
583     1       1       0       670
584     0       1       1       437
584     1       1       0       20
585     0       1       1       382
585     1       1       0       376
586     0       0       0       769
586     1       0       1       417
587     0       1       1       656
587     1       0       0       617
588     0       0       1       387
588     1       1       1       955
589     0       0       0       293
589     1       0       0       836
590     0       0       1       172
590     1       0       1       56
591     0       1       0       127
591     1       1       0       464
592     0       1       0       163
592     1       1       0       892
593     0       0       1       28
593     1       1       1       839
594     0       0       1       326
594     1       1       0       556
595     0       1       0       726
595     1       1       1       691
596     0       0       0       718
596     1       0       1       281
597     0       1       1       37
597     1       0       0       767
598     0       0       0       607
598     1       1       0       408
599     0       0       1       99
599     1       0       1       210
600     0       0       0       365
600     1       1       0       121
601     0       1       1       544
601     1       1       0       880
602     0       0       0       61
602     1       0       1       414
603     0       0       0       582
603     1       1       0       678
604     0       0       0       312
604     1       0       1       155
605     0       0       0       198
605     1       1       0       816
606     0       0       1       787
606     1       0       0       645
607     0       1       0       707
607     1       0       1       725
608     0       0       0       773
608     1       1       1       367
609     0       1       1       967
609     1       1       1       746
610     0       0       1       397
610     1       1       0       130
611     0       0       0       955
611     1       1       1       569
612     0       0       0       975
612     1       1       0       577
613     0       1       0       251
613     1       1       1       34
614     0       0       0       520
614     1       1       0       570
615     0       0       0       556
615     1       1       0       822
616     0       1       1       425
616     1       1       0       286
617     0       0       0       984
617     1       1       0       921
618     0       1       1       413
618     1       0       1       186
619     0       0       0       595
619     1       0       0       42
620     0       1       1       869
620     1       1       1       759
621     0       1       1       275
621     1       1       1       442
622     0       1       0       278
622     1       1       0       51
623     0       1       1       644
623     1       0       1       712
624     0       1       0       897
624     1       0       1       167
625     0       1       1       244
625     1       0       0       726
626     0       1       0       642
626     1       0       0       783
627     0       0       0       502
627     1       0       1       959
628     0       1       0       552
628     1       0       1       924
629     0       0       1       812
629     1       0       1       86
630     0       1       0       179
630     1       1       0       306
631     0       0       0       303
631     1       1       0       884
632     0       1       0       830
632     1       1       0       152
633     0       0       1       162
633     1       1       0       132
634     0       0       1       253
634     1       0       0       824
635     0       0       0       854
635     1       0       1       760
636     0       1       1       334
636     1       1       0       720
637     0       0       0       283
637     1       1       0       466
638     0       1       1       951
638     1       0       1       462
639     0       0       0       688
639     1       0       0       861
640     0       0       0       51
640     1       0       1       379
641     0       0       0       726
641     1       1       0       204
642     0       0       0       320
642     1       1       1       117
643     0       1       1       98
643     1       0       0       692
644     0       1       1       297
644     1       0       1       150
645     0       1       0       868
645     1       1       0       430
646     0       1       1       68
646     1       0       0       816
647     0       1       0       211
647     1       1       0       356
648     0       0       1       849
648     1       0       0       442
649     0       1       0       90
649     1       0       1       349
650     0       1       1       475
650     1       0       0       488
651     0       1       0       536
651     1       0       0       2
652     0       0       0       755
652     1       0       0       982
653     0       0       0       688
653     1       1       0       383
654     0       0       1       319
654     1       0       1       630
655     0       1       0       202
655     1       1       0       718
656     0       1       0       157
656     1       1       0       482
657     0       0       0       213
657     1       0       0       266
658     0       0       0       234
658     1       0       0       72
659     0       1       1       843
659     1       0       0       627
660     0       1       0       369
660     1       0       0       478
661     0       0       1       393
661     1       1       0       657
662     0       0       0       51
662     1       0       1       652
663     0       0       0       309
663     1       1       0       161
664     0       1       1       351
664     1       0       0       453
665     0       1       1       11
665     1       1       1       479
666     0       0       1       826
666     1       1       0       349
667     0       1       1       27
667     1       1       1       775
668     0       1       0       526
668     1       0       0       101
669     0       1       0       26
669     1       0       0       780
670     0       1       1       512
670     1       0       0       744
671     0       0       0       569
671     1       1       1       51
672     0       0       1       529
672     1       1       1       789
673     0       1       1       593
673     1       0       1       747
674     0       0       0       138
674     1       1       1       847
675     0       0       0       271
675     1       0       1       363
676     0       1       1       637
676     1       1       1       121
677     0       0       1       215
677     1       0       0       594
678     0       1       1       277
678     1       1       0       205
679     0       1       1       662
679     1       1       0       891
680     0       1       1       881
680     1       1       0       422
681     0       1       0       594
681     1       0       1       323
682     0       0       0       16
682     1       1       1       421
683     0       0       0       821
683     1       0       1       767
684     0       0       0       858
684     1       0       1       348
685     0       0       1       39
685     1       1       1       907
686     0       0       1       700
686     1       1       0       468
687     0       0       0       466
687     1       1       0       400
688     0       0       0       229
688     1       1       1       486
689     0       1       0       696
689     1       1       0       198
690     0       1       0       247
690     1       1       1       907
691     0       0       1       532
691     1       1       1       606
692     0       1       0       187
692     1       1       0       756
693     0       1       1       242
693     1       1       1       640
694     0       0       0       895
694     1       1       0       775
695     0       1       1       993
695     1       0       0       342
696     0       0       0       840
696     1       0       1       490
697     0       0       0       812
697     1       0       1       270
698     0       0       0       508
698     1       1       0       190
699     0       0       1       465
699     1       0       0       992
700     0       1       1       91
700     1       0       1       49
701     0       1       1       20
701     1       1       1       85
702     0       0       0       71
702     1       1       0       933
703     0       1       0       258
703     1       0       0       550
704     0       1       0       584
704     1       1       1       56
705     0       1       0       13
705     1       1       1       162
706     0       1       0       397
706     1       0       0       939
707     0       0       1       200
707     1       1       1       504
708     0       0       0       104
708     1       0       1       25
709     0       1       1       297
709     1       0       0       250
710     0       0       0       681
710     1       0       1       636
711     0       0       1       106
711     1       1       0       951
712     0       1       0       97
712     1       1       0       904
713     0       1       0       282
713     1       0       1       55
714     0       1       1       506
714     1       0       1       462
715     0       1       0       113
715     1       1       0       590
716     0       1       1       261
716     1       0       0       639
717     0       1       1       195
717     1       1       0       499
718     0       0       0       159
718     1       0       0       874
719     0       0       0       311
719     1       1       1       839
720     0       0       0       849
720     1       0       1       742
721     0       0       0       863
721     1       1       1       653
722     0       0       0       994
722     1       1       0       323
723     0       1       1       901
723     1       1       1       55
724     0       0       0       523
724     1       0       1       954
725     0       1       0       954
725     1       1       0       417
726     0       1       1       51
726     1       0       0       947
727     0       0       0       676
727     1       1       1       228
728     0       0       0       414
728     1       0       1       206
729     0       0       0       875
729     1       0       0       591
730     0       0       1       58
730     1       1       1       4
731     0       1       1       416
731     1       1       0       402
732     0       0       0       207
732     1       0       0       610
733     0       0       1       722
733     1       1       0       176
734     0       1       1       157
734     1       1       0       581
735     0       0       0       0
735     1       0       1       901
736     0       1       0       948
736     1       0       1       488
737     0       0       1       546
737     1       0       0       393
738     0       0       1       129
738     1       0       1       419
739     0       1       0       720
739     1       1       1       210
740     0       0       1       918
740     1       1       1       363
741     0       0       1       61
741     1       0       1       1
742     0       0       1       74
742     1       1       1       992
743     0       0       0       125
743     1       1       0       494
744     0       1       1       715
744     1       1       1       493
745     0       1       0       228
745     1       1       0       815
746     0       0       1       80
746     1       0       0       64
747     0       0       0       361
747     1       0       1       579
748     0       0       0       323
748     1       0       1       900
749     0       0       0       620
749     1       1       0       954
750     0       0       1       279
750     1       0       1       978
751     0       0       0       756
751     1       1       1       680
752     0       0       1       69
752     1       0       0       591
753     0       0       1       34
753     1       1       0       640
754     0       0       1       964
754     1       0       0       648
755     0       0       1       487
755     1       0       1       148
756     0       0       0       617
756     1       1       1       514
757     0       0       1       857
757     1       0       0       307
758     0       1       0       735
758     1       1       1       865
759     0       1       0       216
759     1       0       1       670
760     0       1       0       214
760     1       0       1       139
761     0       1       1       820
761     1       1       0       61
762     0       0       0       280
762     1       1       1       449
763     0       1       1       872
763     1       1       1       337
764     0       1       0       233
764     1       1       0       911
765     0       0       1       144
765     1       0       1       898
766     0       0       0       71
766     1       0       1       591
767     0       0       0       474
767     1       0       1       562
768     0       1       0       269
768     1       0       1       917
769     0       0       1       802
769     1       0       0       465
770     0       0       1       379
770     1       0       0       472
771     0       1       0       390
771     1       1       1       922
772     0       0       1       630
772     1       0       1       827
773     0       0       1       195
773     1       0       0       716
774     0       0       0       23
774     1       0       1       799
775     0       0       1       906
775     1       0       1       575
776     0       1       0       496
776     1       1       0       460
777     0       0       0       41
777     1       1       0       752
778     0       0       0       225
778     1       0       1       246
779     0       1       1       549
779     1       0       1       172
780     0       1       0       114
780     1       1       0       758
781     0       0       0       762
781     1       1       1       533
782     0       0       0       805
782     1       1       1       870
783     0       0       0       898
783     1       0       1       115
784     0       0       0       396
784     1       1       1       422
785     0       0       0       110
785     1       0       1       726
786     0       0       0       795
786     1       1       1       299
787     0       1       0       996
787     1       0       1       426
788     0       0       0       200
788     1       1       0       170
789     0       1       1       857
789     1       0       1       841
790     0       1       1       120
790     1       1       0       789
791     0       0       1       272
791     1       1       1       306
792     0       0       1       495
792     1       0       0       475
793     0       1       1       737
793     1       1       1       510
794     0       1       0       23
794     1       0       0       189
795     0       0       0       77
795     1       1       1       219
796     0       1       0       795
796     1       1       1       763
797     0       1       0       231
797     1       0       1       409
798     0       1       1       600
798     1       1       0       911
799     0       0       1       871
799     1       1       0       924
800     0       0       0       480
800     1       0       0       534
801     0       1       0       85
801     1       1       0       718
802     0       1       0       947
802     1       0       1       893
803     0       0       0       32
803     1       0       1       806
804     0       1       1       962
804     1       0       0       696
805     0       1       1       118
805     1       0       1       338
806     0       0       1       545
806     1       0       0       417
807     0       1       1       874
807     1       1       0       964
808     0       1       0       356
808     1       1       0       155
809     0       0       0       947
809     1       1       1       793
810     0       1       0       472
810     1       0       0       572
811     0       1       0       558
811     1       0       0       797
812     0       0       0       17
812     1       1       0       227
813     0       1       0       11
813     1       1       1       165
814     0       1       1       627
814     1       0       0       692
815     0       1       0       572
815     1       1       1       101
816     0       0       0       614
816     1       0       1       86
817     0       0       0       922
817     1       0       1       901
818     0       0       0       406
818     1       0       0       620
819     0       1       0       892
819     1       1       0       480
820     0       0       1       76
820     1       1       0       855
821     0       0       1       577
821     1       1       0       374
822     0       0       1       8
822     1       1       0       372
823     0       1       1       243
823     1       1       1       536
824     0       0       0       840
824     1       0       0       613
825     0       0       0       557
825     1       0       1       239
826     0       1       1       551
826     1       0       1       315
827     0       1       0       789
827     1       0       1       269
828     0       0       0       978
828     1       1       1       104
829     0       1       0       667
829     1       1       0       241
830     0       1       0       816
830     1       1       1       205
831     0       1       0       859
831     1       1       1       899
832     0       1       1       708
832     1       1       1       179
833     0       0       0       408
833     1       0       1       321
834     0       0       0       994
834     1       0       0       95
835     0       0       1       617
835     1       0       0       711
836     0       0       1       263
836     1       0       1       792
837     0       0       1       292
837     1       1       1       940
838     0       1       1       877
838     1       0       0       38
839     0       1       0       17
839     1       0       1       426
840     0       0       0       859
840     1       0       0       740
841     0       1       1       666
841     1       0       1       494
842     0       0       0       412
842     1       0       0       546
843     0       1       0       316
843     1       0       1       997
844     0       1       1       997
844     1       0       0       208
845     0       1       0       897
845     1       0       0       105
846     0       1       0       952
846     1       0       0       608
847     0       1       0       613
847     1       0       0       639
848     0       0       0       135
848     1       0       0       435
849     0       1       0       775
849     1       0       1       23
850     0       0       0       788
850     1       1       0       902
851     0       0       0       83
851     1       1       0       750
852     0       0       1       601
852     1       0       1       100
853     0       0       0       978
853     1       1       0       895
854     0       1       1       827
854     1       1       1       732
855     0       0       0       247
855     1       1       0       877
856     0       0       0       48
856     1       0       1       162
857     0       1       0       207
857     1       1       1       464
858     0       1       0       236
858     1       1       1       307
859     0       0       0       168
859     1       1       1       543
860     0       1       1       63
860     1       0       0       662
861     0       1       1       304
861     1       0       1       142
862     0       1       1       70
862     1       0       0       525
863     0       0       1       686
863     1       0       1       181
864     0       1       1       853
864     1       0       1       524
865     0       1       0       117
865     1       1       1       903
866     0       0       1       657
866     1       1       1       440
867     0       1       0       400
867     1       0       0       35
868     0       1       1       515
868     1       0       1       490
869     0       1       0       457
869     1       0       1       89
870     0       0       0       288
870     1       0       0       179
871     0       1       0       277
871     1       0       0       31
872     0       1       1       593
872     1       0       1       568
873     0       1       1       556
873     1       1       0       765
874     0       1       1       968
874     1       0       0       76
875     0       1       0       593
875     1       1       1       64
876     0       0       0       419
876     1       0       1       998
877     0       1       1       66
877     1       0       1       885
878     0       1       0       489
878     1       0       1       312
879     0       1       1       164
879     1       1       0       689
880     0       0       0       832
880     1       0       0       33
881     0       0       1       319
881     1       1       1       170
882     0       0       0       227
882     1       1       0       57
883     0       0       0       735
883     1       0       1       353
884     0       0       1       590
884     1       1       1       69
885     0       1       1       272
885     1       0       0       461
886     0       0       0       435
886     1       1       1       192
887     0       1       1       344
887     1       0       1       171
888     0       0       1       133
888     1       1       1       419
889     0       1       1       37
889     1       1       1       697
890     0       0       0       330
890     1       0       0       323
891     0       1       0       395
891     1       0       1       243
892     0       0       0       546
892     1       0       1       98
893     0       1       1       285
893     1       0       0       389
894     0       0       1       149
894     1       1       1       73
895     0       1       0       317
895     1       1       0       609
896     0       0       0       760
896     1       0       0       276
897     0       0       1       351
897     1       0       0       249
898     0       1       1       989
898     1       0       1       827
899     0       1       0       394
899     1       0       1       163
900     0       1       1       358
900     1       1       1       777
901     0       1       0       446
901     1       1       1       461
902     0       1       0       171
902     1       0       1       530
903     0       1       0       742
903     1       1       0       29
904     0       1       0       207
904     1       0       0       824
905     0       0       0       980
905     1       1       0       991
906     0       0       1       404
906     1       1       1       999
907     0       0       1       210
907     1       0       1       641
908     0       0       0       216
908     1       0       1       519
909     0       1       1       862
909     1       0       1       849
910     0       0       0       312
910     1       1       0       197
911     0       1       0       322
911     1       1       0       232
912     0       1       1       619
912     1       0       0       274
913     0       1       0       5
913     1       1       1       389
914     0       0       0       110
914     1       0       0       8
915     0       1       1       532
915     1       0       0       836
916     0       0       0       847
916     1       0       0       185
917     0       0       1       851
917     1       0       0       515
918     0       1       0       308
918     1       0       0       126
919     0       1       0       120
919     1       1       0       905
920     0       0       0       281
920     1       1       0       726
921     0       0       0       996
921     1       0       1       378
922     0       1       0       157
922     1       0       1       341
923     0       1       1       814
923     1       0       1       588
924     0       0       1       540
924     1       1       0       778
925     0       0       0       618
925     1       0       1       460
926     0       0       1       471
926     1       0       1       144
927     0       1       0       253
927     1       1       1       868
928     0       0       0       786
928     1       0       1       956
929     0       0       1       279
929     1       1       0       40
930     0       1       0       946
930     1       1       0       199
931     0       0       0       65
931     1       0       1       71
932     0       1       0       975
932     1       1       1       958
933     0       0       1       989
933     1       1       0       666
934     0       1       0       990
934     1       1       0       517
935     0       0       0       699
935     1       0       0       767
936     0       0       1       448
936     1       1       0       536
937     0       1       1       9
937     1       0       0       861
938     0       1       1       630
938     1       1       1       665
939     0       1       1       355
939     1       0       1       80
940     0       0       0       92
940     1       1       1       184
941     0       1       1       720
941     1       1       0       321
942     0       0       1       913
942     1       1       1       265
943     0       1       1       578
943     1       1       0       965
944     0       1       0       671
944     1       0       0       287
945     0       1       0       177
945     1       1       0       338
946     0       1       0       491
946     1       1       0       981
947     0       0       0       122
947     1       1       1       31
948     0       1       1       567
948     1       0       0       506
949     0       0       1       449
949     1       1       1       85
950     0       1       1       812
950     1       0       1       67
951     0       1       1       785
951     1       0       0       597
952     0       1       1       692
952     1       0       0       635
953     0       1       1       821
953     1       0       1       542
954     0       1       0       148
954     1       0       1       115
955     0       0       1       956
955     1       1       0       18
956     0       1       1       296
956     1       1       0       512
957     0       0       1       19
957     1       0       0       418
958     0       0       1       258
958     1       1       0       285
959     0       0       0       617
959     1       0       1       254
960     0       1       1       914
960     1       1       0       545
961     0       1       1       558
961     1       1       0       303
962     0       1       1       297
962     1       0       1       964
963     0       0       1       898
963     1       0       0       319
964     0       1       1       327
964     1       0       1       141
965     0       0       0       877
965     1       0       0       217
966     0       0       0       958
966     1       1       1       805
967     0       0       0       534
967     1       0       1       432
968     0       1       0       199
968     1       0       1       120
969     0       1       0       279
969     1       0       1       414
970     0       0       0       741
970     1       1       0       287
971     0       0       1       3
971     1       0       0       906
972     0       0       0       6
972     1       1       1       258
973     0       1       0       865
973     1       1       0       207
974     0       1       1       911
974     1       1       0       940
975     0       0       0       310
975     1       0       0       840
976     0       1       0       130
976     1       1       0       529
977     0       1       1       867
977     1       1       0       76
978     0       1       0       802
978     1       0       1       358
979     0       0       0       691
979     1       1       0       421
980     0       0       0       17
980     1       0       0       851
981     0       1       0       316
981     1       0       1       665
982     0       0       1       282
982     1       1       0       88
983     0       0       0       684
983     1       0       0       955
984     0       0       1       563
984     1       1       0       214
985     0       0       0       194
985     1       1       1       588
986     0       0       1       229
986     1       0       1       894
987     0       0       1       809
987     1       1       1       158
988     0       1       0       219
988     1       0       1       216
989     0       1       0       136
989     1       0       1       30
990     0       0       1       348
990     1       0       1       603
991     0       0       0       866
991     1       1       1       719
992     0       1       1       256
992     1       0       0       693
993     0       0       0       47
993     1       1       0       585
994     0       1       1       314
994     1       0       0       639
995     0       1       1       472
995     1       1       0       254
996     0       0       0       122
996     1       0       1       935
997     0       0       0       759
997     1       1       1       638
998     0       0       1       678
998     1       0       1       319
999     0       0       0       341
999     1       0       1       969
1000    0       0       1       592
1000    1       1       1       227

Fitness Score       : 2786.88
Halted              : T
Sigma               : 21
Shifts              : 965
Last State          : 0
Last Position       : -33
Length Traversed    : 47
Avg Block Size      : 2.1
Max Block Size      : 6
Condensed Tape: (1 3 1 1 1 4 6 2 1 1)
**************************************************
