
******** Search completed in 168.415 secs ********

Population size  : 200
Generations      : 20
Mutation Rate    : 1/5
Machine States   : 1000
Shift Limit      : 1000
Fitness weights: 
  Weight a   : 1/50
  Weight b   : 1/20
  Weight c   : 1/50
  Weight d   : 1/30
  Weight e   : 1200
  Weight f   : 1/50
  Weight g   : 1/30
  Weight h   : 1
  Weight i   : 700

**************************************************


******************* best fit *********************
Machine #: (1 1 235 0 0 963 1 0 552 1 1 873 1 1 712 0 0 403 0 0 662 0 1 965 1 1 408 0 1
 531 1 1 480 1 1 135 0 1 649 0 1 66 1 0 533 1 0 354 1 1 188 0 0 926 1 0 180 0 0
 274 1 0 422 1 1 617 0 1 119 1 1 146 0 0 991 0 0 113 1 0 358 0 1 902 1 1 519 1
 1 694 1 1 495 1 1 697 0 1 158 1 0 456 1 1 476 1 0 130 1 1 928 0 1 545 0 1 349
 0 0 895 0 0 301 0 1 766 1 1 946 1 1 444 1 1 751 0 0 592 1 0 537 0 1 128 1 1
 336 0 0 479 0 1 39 0 0 579 0 0 394 1 0 55 0 0 813 0 1 380 1 1 303 1 1 244 0 1
 15 0 1 68 1 0 893 1 1 250 0 0 959 0 1 339 0 0 804 0 0 449 1 0 358 1 1 731 0 1
 929 0 0 540 1 1 748 0 1 222 0 1 432 0 1 462 1 0 833 0 0 375 1 0 354 1 1 424 0
 0 713 1 0 399 1 0 658 0 1 946 0 1 412 0 0 618 0 0 838 1 1 513 0 0 140 1 0 27 1
 0 319 0 1 578 1 1 543 0 1 894 0 1 651 1 0 827 1 0 683 0 0 18 1 0 584 0 1 727 1
 1 700 1 0 971 1 0 596 0 0 968 1 1 523 0 0 575 1 0 634 0 0 569 1 1 504 1 1 713
 0 1 289 0 1 791 0 0 65 0 0 433 0 0 868 0 1 545 0 0 86 1 1 894 0 0 11 1 1 815 1
 0 48 1 0 227 0 1 294 0 1 256 0 0 474 1 0 820 1 1 493 1 0 409 1 0 364 0 0 159 1
 1 240 1 1 148 0 0 521 1 1 840 1 0 131 1 0 485 1 0 364 0 0 817 1 0 994 0 0 254
 0 1 168 1 1 56 0 1 526 1 1 108 1 1 705 0 1 582 0 1 651 0 1 206 0 1 493 0 0 334
 1 1 241 1 0 599 0 0 995 0 1 867 0 0 1 1 1 977 1 1 91 1 1 637 0 0 556 0 1 521 1
 1 770 1 1 730 1 1 93 0 1 801 0 1 49 1 0 756 1 0 946 1 0 767 1 1 658 1 1 473 1
 0 196 1 0 412 0 1 616 0 0 80 0 0 146 0 0 738 1 0 899 1 1 851 0 0 289 0 1 628 1
 1 950 1 0 513 0 0 795 0 0 649 1 1 358 0 1 575 0 0 230 1 1 769 0 1 309 0 0 595
 1 0 944 1 0 204 0 0 801 0 1 793 1 1 218 0 1 870 0 0 145 0 1 305 1 1 384 0 0
 771 1 0 240 0 1 402 1 1 633 0 1 843 1 0 940 0 0 814 1 0 117 1 1 423 0 0 629 1
 1 365 0 0 641 1 1 72 1 0 394 0 0 342 1 1 297 0 0 112 1 1 555 0 1 129 0 1 721 1
 0 214 0 0 45 0 1 160 1 0 685 1 1 322 1 0 298 0 0 586 1 0 810 0 0 32 1 0 683 0
 1 310 1 1 0 1 0 317 1 0 533 1 0 213 1 1 108 0 0 950 0 1 831 1 1 990 0 1 106 1
 0 817 1 1 448 1 1 615 0 0 861 1 0 190 0 0 450 1 0 555 0 1 269 1 0 141 1 0 768
 1 0 672 1 1 539 0 0 528 1 1 837 1 0 406 1 1 935 1 1 317 1 0 98 0 0 773 1 1 246
 1 0 911 1 0 315 0 1 159 0 1 50 0 0 556 1 0 945 0 0 391 0 0 320 1 0 915 1 1 50
 0 1 561 1 0 643 0 0 674 0 1 832 0 0 152 1 0 202 0 1 986 1 0 734 1 1 653 0 0
 897 1 1 596 1 0 941 0 0 420 1 1 999 0 1 462 0 0 784 0 0 565 0 0 692 0 0 661 0
 1 493 1 1 43 0 0 545 1 1 768 1 1 468 0 0 648 0 0 908 0 1 470 0 0 0 1 1 965 1 0
 443 1 0 758 0 0 999 1 1 501 0 0 451 0 0 397 0 0 271 1 0 844 1 0 772 0 0 985 0
 1 916 1 1 173 1 1 69 1 0 7 1 0 181 1 1 383 1 1 956 1 0 561 1 1 83 1 0 110 0 1
 654 1 1 441 0 1 92 0 1 367 0 1 767 0 1 6 1 1 473 1 1 626 0 0 536 1 0 102 0 0
 322 0 1 375 1 1 323 0 0 715 1 0 694 1 1 876 0 0 164 0 0 182 1 0 818 1 0 448 0
 0 250 0 1 822 1 0 325 0 1 601 0 1 772 0 0 478 1 1 229 0 1 574 0 0 552 1 0 17 1
 0 472 1 0 878 1 0 46 1 1 474 0 0 115 0 0 656 1 1 652 1 0 560 0 1 763 1 1 856 1
 1 504 0 1 694 0 1 687 1 1 423 1 0 791 1 1 179 0 1 996 0 0 139 0 1 217 0 1 494
 0 1 50 1 0 651 0 1 323 0 1 944 1 0 918 1 1 153 1 1 437 0 0 862 0 1 327 0 1 327
 0 0 260 1 0 179 1 1 186 0 0 911 0 1 106 1 0 683 0 0 129 0 1 32 1 1 349 1 1 161
 0 1 464 1 0 584 0 0 152 0 0 900 1 0 894 0 1 771 1 1 662 1 0 334 0 0 987 1 0
 954 0 0 335 0 0 575 1 1 18 1 1 289 0 0 112 0 0 405 0 1 338 0 0 944 0 0 179 1 1
 862 1 0 625 0 1 983 1 1 735 0 0 58 0 1 552 1 0 440 0 1 791 1 1 993 1 1 132 1 0
 791 0 1 404 1 1 615 1 1 494 0 0 805 1 1 67 0 0 450 1 0 740 0 0 766 1 1 225 0 1
 337 1 0 768 1 1 72 1 1 122 1 1 374 1 1 694 1 0 390 0 1 82 1 1 424 0 1 962 1 1
 812 0 0 544 1 0 308 0 0 216 1 1 803 1 0 484 1 0 578 1 1 79 1 0 770 0 1 838 1 0
 69 0 1 59 0 1 874 0 0 234 0 1 63 1 0 312 0 0 518 1 0 932 1 1 567 1 1 322 1 1
 404 1 1 659 1 0 706 0 1 156 1 1 922 0 1 623 1 1 961 1 1 260 1 1 489 1 1 787 1
 1 544 1 0 595 0 0 645 1 1 620 0 1 525 0 1 644 0 0 33 0 1 421 1 0 872 1 0 492 1
 1 659 0 0 64 0 1 92 1 0 325 0 1 367 0 1 382 1 0 254 0 1 462 1 0 407 0 0 942 0
 1 840 0 1 233 0 0 524 0 0 115 0 1 779 0 0 490 1 1 570 1 0 118 1 0 962 0 0 48 1
 1 392 1 0 217 1 0 290 0 1 507 0 0 123 1 1 835 1 0 225 0 1 524 1 1 996 1 1 312
 0 0 326 0 0 45 1 1 350 1 0 134 1 0 303 0 0 513 0 1 841 1 1 859 0 1 837 0 0 530
 1 1 900 1 0 226 1 1 281 1 0 111 1 1 958 1 1 122 1 1 691 1 0 136 1 1 737 0 0
 197 0 0 571 0 1 872 0 0 907 1 1 916 0 0 424 1 0 137 0 0 363 1 0 59 1 0 698 0 0
 557 0 0 158 0 0 633 0 1 378 0 0 333 1 0 873 0 1 455 0 1 802 0 1 89 1 0 528 0 0
 335 1 1 270 0 0 505 1 0 369 0 1 669 1 1 161 1 0 846 0 0 220 0 1 95 1 1 997 1 0
 23 1 1 824 0 1 789 1 0 913 0 0 375 1 0 442 0 1 316 1 1 538 0 1 647 1 1 987 1 0
 21 0 1 323 1 1 536 1 1 764 1 1 260 0 1 673 0 0 956 0 1 342 1 0 86 0 0 69 1 0
 595 1 1 892 0 0 154 1 0 638 1 0 320 0 0 696 1 1 196 0 0 333 0 1 897 0 0 515 1
 1 398 1 1 117 0 1 609 0 0 864 1 0 971 1 1 340 1 0 532 0 1 396 0 1 273 1 0 465
 1 1 542 0 0 914 0 0 123 1 0 27 0 1 101 0 1 332 0 1 694 0 0 157 0 1 445 0 0 136
 0 1 816 1 1 680 0 1 719 1 0 369 1 1 252 0 1 93 0 1 13 0 0 11 1 1 403 0 1 214 1
 1 877 1 0 702 1 1 105 0 1 673 1 0 714 0 1 419 1 1 607 0 1 582 1 0 934 0 1 851
 1 0 525 0 0 634 1 1 499 1 1 535 1 0 905 0 1 545 0 0 916 0 0 403 1 1 375 0 0
 338 0 0 942 1 0 825 1 0 224 1 0 538 1 1 886 1 1 886 1 0 630 0 0 529 1 1 113 1
 0 512 1 0 410 0 1 831 1 1 693 0 0 21 0 0 638 0 0 628 1 0 407 0 1 674 0 1 704 1
 0 495 1 1 894 0 1 16 1 1 705 1 0 981 0 0 971 1 1 711 0 1 244 0 0 420 0 1 231 1
 0 533 1 0 752 0 0 395 1 0 257 1 1 325 0 1 931 1 1 624 0 0 628 1 1 453 0 1 867
 1 1 984 0 1 435 1 1 252 0 0 955 1 0 920 0 0 115 1 0 821 0 0 343 1 0 802 1 1
 486 0 1 202 0 1 361 1 0 716 0 0 241 1 0 593 1 0 105 0 0 297 1 1 893 0 0 654 0
 0 314 1 1 599 1 1 731 0 0 523 0 0 12 1 0 44 0 0 136 0 0 502 0 0 828 0 0 44 1 1
 967 0 0 144 0 1 310 1 1 681 0 1 145 1 1 925 1 0 953 0 0 532 0 1 594 1 1 266 1
 0 340 0 0 478 0 0 331 1 0 855 0 1 44 0 1 97 0 1 356 0 1 708 0 1 243 0 0 869 0
 1 602 1 0 248 1 0 843 1 0 82 0 0 362 0 1 524 1 0 759 1 0 935 1 0 249 1 0 738 0
 0 874 0 1 587 1 0 667 0 1 757 1 0 595 0 1 555 0 1 109 0 0 204 0 0 796 0 0 43 0
 0 794 1 0 826 1 0 588 0 1 891 0 0 575 0 1 138 0 1 166 1 1 613 0 1 657 1 1 936
 1 1 529 0 0 924 1 1 131 1 1 748 0 0 239 1 0 624 0 0 552 1 0 996 0 1 41 1 0 961
 1 0 37 1 0 818 1 1 346 0 0 335 1 1 117 1 0 85 1 1 725 1 1 350 1 0 701 0 0 790
 1 1 252 1 0 999 1 0 938 0 1 8 0 1 616 0 0 456 1 0 480 0 0 241 0 0 62 1 0 749 1
 1 641 0 1 212 1 0 203 0 0 843 0 1 384 0 0 110 1 0 649 0 1 529 1 0 475 1 1 699
 0 0 196 1 1 827 1 0 857 0 0 349 1 1 501 0 1 242 0 0 55 0 0 88 0 0 415 0 0 922
 0 1 997 1 1 725 0 0 649 1 1 856 1 1 34 0 0 693 0 0 367 0 1 521 0 0 975 1 1 318
 1 0 969 1 0 333 0 0 861 1 1 274 0 0 728 0 0 848 0 0 240 1 0 339 1 0 310 0 0
 171 0 1 404 1 1 423 1 1 615 1 0 900 1 0 493 1 1 355 0 0 895 0 0 611 1 0 515 1
 0 620 1 0 128 0 0 639 1 0 745 0 0 558 1 0 599 0 0 441 0 0 532 0 0 791 0 0 763
 0 1 587 0 1 463 1 0 912 0 0 625 0 1 773 1 1 665 0 0 726 0 0 262 1 1 932 1 1
 916 0 0 421 0 0 379 0 1 491 1 0 438 0 0 903 1 0 148 0 1 105 0 0 877 1 1 905 0
 1 848 0 0 246 0 1 329 0 1 962 1 1 439 0 1 137 1 1 672 0 1 568 1 1 199 1 1 244
 1 1 788 0 1 524 0 0 195 1 1 55 1 0 235 0 1 116 1 1 346 1 1 465 0 1 371 0 1 376
 1 1 211 1 0 0 1 1 959 0 1 516 0 0 758 0 1 700 0 1 159 0 1 887 1 0 708 0 1 240
 0 1 632 1 0 429 1 1 189 1 1 754 0 0 615 0 1 237 0 1 222 0 0 460 1 0 439 1 1
 830 0 0 107 0 1 78 1 0 440 0 0 188 0 1 3 1 1 230 1 1 313 0 1 417 1 0 46 0 0
 552 0 0 345 1 0 862 0 1 51 1 1 916 1 0 144 0 0 887 1 0 350 0 0 116 0 0 445 1 1
 113 1 1 88 0 0 8 0 0 835 0 1 861 0 0 94 0 0 123 1 1 571 1 0 671 0 1 101 1 1
 513 0 0 391 0 1 261 1 0 133 0 1 909 1 1 782 1 1 689 1 0 886 0 1 490 1 1 812 1
 1 765 0 0 127 1 1 416 0 0 828 1 0 293 0 0 93 1 1 912 0 1 146 1 0 288 1 1 185 1
 1 843 1 1 998 1 1 930 1 0 55 0 1 162 1 1 563 0 1 632 1 1 905 0 0 195 1 0 636 0
 0 159 1 1 883 1 0 643 1 0 763 1 1 54 1 0 668 0 1 99 1 0 851 0 1 243 0 1 806 0
 0 384 0 1 188 1 0 112 0 0 9 1 0 456 1 1 509 1 1 762 1 1 182 1 1 671 1 0 236 0
 1 511 1 1 259 0 1 232 1 1 618 1 1 740 1 1 251 1 1 974 1 1 381 1 0 30 0 0 845 1
 1 806 0 1 38 0 1 562 0 0 534 0 1 54 1 0 275 1 0 292 1 1 348 0 0 452 0 1 818 1
 0 120 0 1 857 0 1 861 1 0 409 0 1 204 1 0 351 0 0 631 0 1 852 0 1 838 0 0 572
 0 0 657 0 1 396 0 0 313 1 1 339 1 0 126 1 0 974 0 0 149 1 1 10 1 0 822 1 0 375
 0 1 622 0 0 435 1 1 427 1 0 55 0 1 350 1 1 313 1 1 641 0 0 219 0 0 26 1 1 902
 1 0 780 1 0 900 0 0 906 0 1 666 1 1 38 0 1 680 0 0 960 1 1 410 1 0 926 1 1 443
 1 0 371 1 1 108 1 1 1 1 1 130 1 0 258 1 1 976 0 0 706 0 0 99 0 1 666 0 0 658 1
 1 669 0 0 225 1 0 34 0 0 467 1 0 522 1 0 969 0 0 233 0 0 473 0 0 928 0 1 444 0
 0 951 1 0 187 0 1 289 0 1 179 0 1 860 1 0 923 0 0 906 1 1 703 0 0 525 1 0 340
 0 1 441 1 1 750 1 0 656 0 0 844 0 1 487 1 1 820 1 0 686 1 1 157 0 1 442 1 0
 805 0 0 534 1 0 501 0 1 851 1 1 383 0 1 252 1 1 877 1 0 742 0 1 396 1 1 435 1
 1 332 1 1 497 0 1 94 0 0 723 0 1 545 1 1 729 1 1 629 0 1 987 1 1 254 1 1 298 1
 0 619 1 0 960 1 0 662 1 1 352 1 1 501 0 1 787 0 1 4 1 1 685 0 0 461 0 0 891 0
 1 189 0 1 93 0 0 409 1 0 337 1 1 280 1 0 849 1 0 657 1 1 688 1 0 463 1 0 549 0
 1 515 0 0 637 1 0 757 0 0 588 1 1 698 1 1 883 1 0 769 1 1 491 0 0 724 1 1 345
 1 1 493 1 0 690 0 1 426 1 1 370 0 0 732 0 1 55 1 0 119 0 1 77 1 1 228 1 0 703
 0 1 76 1 1 860 1 0 966 0 1 684 1 0 542 0 0 352 0 0 887 1 1 633 0 1 378 0 1 399
 0 1 475 1 1 717 0 1 948 1 1 539 0 1 634 0 0 876 0 1 243 0 1 753 0 1 684 0 0
 915 1 0 825 0 0 580 1 1 874 1 1 193 0 0 979 1 0 28 1 1 444 1 1 800 0 0 935 0 0
 938 0 1 387 1 1 247 0 1 590 1 1 20 1 1 967 0 1 13 0 1 217 1 0 941 1 0 454 1 1
 738 0 0 538 1 0 736 0 0 759 1 0 701 1 1 641 0 1 24 1 1 442 0 0 285 0 0 989 1 0
 323 0 1 171 1 1 652 1 1 389 1 1 39 1 1 995 0 1 873 1 0 360 1 1 629 1 0 8 1 1
 852 0 1 814 0 1 584 0 0 831 0 0 140 0 1 528 1 1 443 1 1 724 1 1 670 0 0 875 1
 0 333 0 1 428 1 1 32 0 0 720 0 1 471 0 0 848 0 0 737 1 0 305 0 0 955 0 1 690 1
 1 745 1 1 964 0 1 443 0 1 679 1 0 454 1 1 194 0 0 934 0 1 252 0 0 28 0 0 223 1
 0 25 1 1 422 0 1 737 0 0 183 1 1 872 0 1 576 0 1 448 0 1 832 1 0 599 0 0 552 1
 0 497 1 1 197 0 0 509 1 0 743 1 0 817 0 1 163 0 1 655 0 0 346 0 0 226 1 1 667
 0 0 383 1 0 997 1 0 743 0 1 672 1 1 758 0 1 225 0 1 300 1 0 136 1 0 822 0 0
 442 1 0 472 0 1 612 1 1 206 1 0 203 1 0 677 0 0 120 1 1 444 0 0 302 1 0 181 0
 1 335 1 1 645 0 0 29 0 0 580 0 0 931 1 0 419 0 1 312 0 1 207 1 0 740 1 1 963 0
 1 331 1 1 715 1 0 42 0 0 787 1 1 54 0 1 15 0 0 979 0 1 473 1 0 248 1 0 130 0 0
 553 1 0 979 1 1 61 0 1 676 1 1 196 0 0 621 1 1 643 0 1 30 1 1 738 0 1 571 1 1
 281 0 0 653 1 0 919 0 0 35 1 0 90 0 0 399 1 0 245 1 1 805 0 1 991 0 1 565 1 0
 964 0 0 896 1 0 125 1 0 386 0 0 376 1 1 859 0 0 190 0 0 203 1 1 249 1 1 99 0 0
 259 0 0 729 1 0 795 0 0 767 0 0 658 0 0 291 0 0 969 1 1 547 0 0 836 0 1 992 1
 1 534 0 1 950 1 1 102 1 0 309 0 0 24 0 1 691 1 1 606 1 0 943 0 0 26 0 0 351 1
 0 709 0 1 587 0 1 784 0 1 344 0 1 445 0 1 265 0 0 64 0 1 303 1 0 380 1 0 421 1
 0 743 0 0 297 0 1 711 1 0 702 1 0 803 1 0 470 1 0 915 0 0 377 0 1 777 1 0 812
 0 1 996 1 0 421 0 1 729 0 1 141 0 0 776 0 0 29 0 0 336 0 0 19 1 0 276 1 0 970
 0 1 65 0 0 133 0 1 65 0 1 797 1 1 78 0 1 800 1 1 939 0 0 692 1 1 6 0 0 98 1 1
 499 0 1 772 0 1 203 1 0 382 1 0 98 0 0 156 1 1 514 0 1 388 0 0 330 1 0 338 1 0
 560 0 1 345 1 1 701 1 1 117 1 1 288 1 1 994 0 0 606 0 0 744 0 1 43 1 0 327 1 1
 486 1 0 325 1 1 774 0 1 871 0 0 964 1 0 331 0 1 545 1 0 296 0 0 853 1 1 656 1
 1 77 0 0 119 1 0 602 1 1 774 0 1 653 1 0 257 0 0 957 1 0 31 1 1 123 0 0 496 1
 0 837 1 0 271 0 0 390 1 1 752 0 0 921 0 1 205 0 0 969 1 1 325 1 1 762 0 1 12 0
 0 805 1 0 712 1 1 296 1 0 137 0 1 723 0 1 217 1 0 415 1 1 884 0 0 355 0 0 336
 1 0 870 0 1 503 0 1 116 0 1 124 0 0 426 0 1 699 0 0 898 0 1 670 1 1 590 0 1 21
 1 0 314 1 1 439 0 1 354 0 1 814 0 0 545 1 1 443 0 1 50 1 1 16 1 0 800 1 1 890
 0 1 490 1 0 688 0 1 634 1 1 193 0 1 387 1 0 309 0 1 760 1 0 16 0 0 765 1 1 654
 1 1 666 1 0 198 0 1 410 0 0 11 0 0 942 1 1 927 0 0 217 0 0 983 1 0 608 1 0 120
 1 0 6 1 1 380 1 1 551 1 0 58 0 0 273 1 1 735 1 0 449 1 0 323 0 1 567 1 1 764 0
 0 10 0 0 440 0 0 717 1 0 802 0 1 295 0 1 583 1 0 591 1 1 145 0 1 57 1 1 45 1 0
 213 0 0 447 1 1 96 0 1 341 0 0 550 0 1 364 1 0 102 1 0 426 0 0 519 1 0 371 1 1
 618 0 1 747 1 1 152 0 0 749 1 1 50 0 1 606 1 1 37 0 1 376 1 1 120 0 0 288 1 0
 637 0 0 477 1 0 471 0 0 5 1 0 555 1 1 563 0 1 356 0 1 636 1 0 605 0 0 790 1 0
 385 1 0 799 0 0 646 1 1 662 0 0 81 0 0 174 1 1 511 1 1 74 0 0 958 0 0 703 1 0
 971 0 0 35 0 0 543 0 0 608 0 0 209 1 1 718 0 0 1 0 1 993 1 1 62 0 1 198 1 1
 170 1 0 709 0 0 927 0 1 982 1 1 376 1 0 310 0 0 637 0 0 781 1 0 339 0 1 575 0
 1 378 0 1 739 0 1 796 0 1 468 0 0 684 0 1 986 1 0 60 1 0 255 1 0 520 0 0 921 0
 1 352 1 0 149 1 0 559 1 0 599 1 0 782 0 0 51 0 1 676 1 0 723 0 1 91 1 0 827 0
 1 10 0 1 186 0 0 57 0 0 403 0 0 327 0 0 456 1 0 329 1 0 344 0 1 766 0 0 782 0
 1 599 0 1 674 1 1 644 0 1 450 1 1 613 1 1 405 0 0 657 1 1 566 1 1 555 0 0 924
 1 0 181 0 0 437 1 0 761 0 1 947 1 0 999 1 0 854 1 0 993 1 1 322 0 0 267 1 1
 748 1 0 327 1 1 160 1 1 29 1 0 668 0 0 912 1 1 953 1 0 758 1 0 580 0 1 900 0 1
 196 0 0 259 1 0 107 0 0 273 0 0 452 1 0 891 1 1 848 0 1 929 1 0 844 0 0 600 0
 1 953 0 0 976 1 0 566 0 1 278 1 0 468 1 1 606 0 0 415 1 1 75 1 0 16 0 0 579 1
 1 729 0 1 830 0 0 16 0 0 500 0 0 944 0 0 713 0 1 35 1 1 819 0 0 736 1 1 847 1
 1 464 0 0 378 0 0 689 0 1 660 0 0 64 1 1 75 1 0 720 1 0 628 0 0 261 1 1 698 0
 0 722 0 0 191 0 0 878 1 0 385 1 0 736 0 0 264 0 1 508 1 1 613 1 1 776 1 0 40 1
 0 720 1 1 798 0 0 736 0 0 232 1 0 777 1 0 295 1 0 593 0 0 184 1 0 568 0 0 364
 1 0 431 0 0 401 0 0 853 0 0 578 0 0 504 0 1 917 0 1 132 1 0 614 0 0 99 0 1 128
 1 1 970 0 0 348 0 0 437 1 1 155 1 1 817 0 0 76 0 0 68 0 1 766 1 0 638 0 0 930
 1 0 772 0 1 2 0 0 545 1 1 866 0 1 73 0 0 450 0 1 495 0 1 960 1 1 902 0 1 169 1
 1 91 0 1 13 1 1 658 1 1 6 1 1 353 0 1 428 0 0 885 1 1 581 1 0 603 0 1 917 1 1
 763 1 1 991 0 1 767 0 1 926 1 1 607 1 0 432 1 1 777 0 1 235 0 0 291 0 1 340 0
 1 305 0 1 550 1 0 349 0 1 84 0 1 290 1 0 325 1 1 409 1 1 874 0 0 90 0 1 159 0
 1 121 0 0 233 1 0 538 1 1 112 0 0 927 0 1 12 1 0 314 0 0 399 0 1 536 1 1 85 1
 1 669 0 1 863 1 0 334 0 0 41 0 0 902 1 0 67 0 1 391 1 1 672 1 0 425 0 0 872 1
 0 894 0 0 559 0 0 296 1 1 824 1 1 504 0 0 393 0 0 342 0 1 231 0 0 429 0 0 709
 1 1 830 1 0 230 0 1 209 1 1 13 0 0 19 0 1 851 1 0 990 0 1 904 1 1 773 1 1 641
 1 0 935 0 1 145 1 1 372 1 1 27 0 0 964 1 1 884 0 0 483 1 0 629 0 0 469 1 1 557
 0 1 187 1 0 199 1 1 491 1 1 397 1 1 338 1 1 243 1 0 985 0 1 353 1 1 572 0 1
 455 1 1 109 0 0 775 1 0 136 0 0 510 1 1 366 1 0 22 1 0 896 1 1 816 1 0 678 0 1
 957 1 0 601 0 1 148 0 1 664 0 0 578 0 1 957 1 0 818 0 0 229 1 0 11 1 1 470 1 1
 270 1 1 483 1 1 606 1 0 185 0 1 828 1 1 144 0 1 119 1 1 967 1 1 142 1 1 579 1
 1 772 1 1 557 1 0 397 0 0 726 1 1 813 0 1 880 0 1 459 0 0 980 0 1 722 1 0 62 1
 0 659 1 1 490 0 0 972 0 1 293 1 0 775 0 1 593 0 1 537 1 0 819 0 1 93 1 0 524 0
 0 597 0 1 767 0 1 798 0 0 504 0 0 450 0 1 547 0 0 893 1 1 616 1 0 173 1 0 602
 0 0 661 1 1 736 1 0 741 1 0 706 0 1 489 0 0 731 1 1 210 1 0 621 0 1 535 1 1
 212 1 1 215 0 0 285 0 0 809 1 1 655 1 0 349 1 0 695 0 0 304 0 1 183 1 1 5 0 1
 560 0 0 23 1 1 357 1 0 263 1 1 182 1 0 562 1 1 460 1 1 271 1 1 431 1 0 419 1 1
 526 0 0 459 0 0 515 0 1 89 0 0 353 1 1 678 0 0 680 1 0 977 0 0 646 1 0 500 1 0
 548 0 0 731 0 0 734 0 0 747 0 1 952 0 0 101 1 0 620 0 1 241 0 1 550 0 1 783 1
 0 474 0 0 683 1 1 340 0 0 198 1 0 687 0 1 910 1 1 375 1 0 241 0 0 847 0 1 357
 1 1 16 1 0 269 1 1 476 0 1 114 1 0 175 0 0 927 1 0 671 0 1 118 1 1 918 0 1 169
 1 1 188 1 0 83 0 1 473 1 1 215 1 1 685 1 1 401 0 1 330 0 0 887 0 1 36 1 1 24 1
 1 961 0 1 998 1 1 927 1 1 951 1 0 969 1 0 479 1 0 259 1 1 324 1 1 447 0 1 270
 0 1 978 1 1 465 0 0 986 0 0 488 0 1 577 0 1 34 0 0 4 1 0 982 1 1 333 1 0 595 1
 0 615 1 1 145 1 0 82 1 0 630 0 1 109 0 0 21 1 0 162 0 0 707 1 1 743 1 1 691 1
 0 261 1 1 777 0 0 834 1 1 789 1 1 248 1 0 159 0 1 176 1 1 187 0 0 870 0 1 706
 1 0 206 0 1 791 1 1 19 1 0 530 0 1 356 1 1 31 1 0 44 0 1 370 1 0 576 0 0 718 0
 0 221 1 1 467 0 1 818 0 1 738 0 1 845 1 1 555 0 1 884 1 1 673 0 1 100 0 0 903
 0 1 885 0 1 257 0 1 718 0 0 825 1 0 189 0 0 595 1 1 690)
States: 1000

State   Read    Write   Move    Next-State
1       0       1       1       235
1       1       0       0       963
2       0       1       0       552
2       1       1       1       873
3       0       1       1       712
3       1       0       0       403
4       0       0       0       662
4       1       0       1       965
5       0       1       1       408
5       1       0       1       531
6       0       1       1       480
6       1       1       1       135
7       0       0       1       649
7       1       0       1       66
8       0       1       0       533
8       1       1       0       354
9       0       1       1       188
9       1       0       0       926
10      0       1       0       180
10      1       0       0       274
11      0       1       0       422
11      1       1       1       617
12      0       0       1       119
12      1       1       1       146
13      0       0       0       991
13      1       0       0       113
14      0       1       0       358
14      1       0       1       902
15      0       1       1       519
15      1       1       1       694
16      0       1       1       495
16      1       1       1       697
17      0       0       1       158
17      1       1       0       456
18      0       1       1       476
18      1       1       0       130
19      0       1       1       928
19      1       0       1       545
20      0       0       1       349
20      1       0       0       895
21      0       0       0       301
21      1       0       1       766
22      0       1       1       946
22      1       1       1       444
23      0       1       1       751
23      1       0       0       592
24      0       1       0       537
24      1       0       1       128
25      0       1       1       336
25      1       0       0       479
26      0       0       1       39
26      1       0       0       579
27      0       0       0       394
27      1       1       0       55
28      0       0       0       813
28      1       0       1       380
29      0       1       1       303
29      1       1       1       244
30      0       0       1       15
30      1       0       1       68
31      0       1       0       893
31      1       1       1       250
32      0       0       0       959
32      1       0       1       339
33      0       0       0       804
33      1       0       0       449
34      0       1       0       358
34      1       1       1       731
35      0       0       1       929
35      1       0       0       540
36      0       1       1       748
36      1       0       1       222
37      0       0       1       432
37      1       0       1       462
38      0       1       0       833
38      1       0       0       375
39      0       1       0       354
39      1       1       1       424
40      0       0       0       713
40      1       1       0       399
41      0       1       0       658
41      1       0       1       946
42      0       0       1       412
42      1       0       0       618
43      0       0       0       838
43      1       1       1       513
44      0       0       0       140
44      1       1       0       27
45      0       1       0       319
45      1       0       1       578
46      0       1       1       543
46      1       0       1       894
47      0       0       1       651
47      1       1       0       827
48      0       1       0       683
48      1       0       0       18
49      0       1       0       584
49      1       0       1       727
50      0       1       1       700
50      1       1       0       971
51      0       1       0       596
51      1       0       0       968
52      0       1       1       523
52      1       0       0       575
53      0       1       0       634
53      1       0       0       569
54      0       1       1       504
54      1       1       1       713
55      0       0       1       289
55      1       0       1       791
56      0       0       0       65
56      1       0       0       433
57      0       0       0       868
57      1       0       1       545
58      0       0       0       86
58      1       1       1       894
59      0       0       0       11
59      1       1       1       815
60      0       1       0       48
60      1       1       0       227
61      0       0       1       294
61      1       0       1       256
62      0       0       0       474
62      1       1       0       820
63      0       1       1       493
63      1       1       0       409
64      0       1       0       364
64      1       0       0       159
65      0       1       1       240
65      1       1       1       148
66      0       0       0       521
66      1       1       1       840
67      0       1       0       131
67      1       1       0       485
68      0       1       0       364
68      1       0       0       817
69      0       1       0       994
69      1       0       0       254
70      0       0       1       168
70      1       1       1       56
71      0       0       1       526
71      1       1       1       108
72      0       1       1       705
72      1       0       1       582
73      0       0       1       651
73      1       0       1       206
74      0       0       1       493
74      1       0       0       334
75      0       1       1       241
75      1       1       0       599
76      0       0       0       995
76      1       0       1       867
77      0       0       0       1
77      1       1       1       977
78      0       1       1       91
78      1       1       1       637
79      0       0       0       556
79      1       0       1       521
80      0       1       1       770
80      1       1       1       730
81      0       1       1       93
81      1       0       1       801
82      0       0       1       49
82      1       1       0       756
83      0       1       0       946
83      1       1       0       767
84      0       1       1       658
84      1       1       1       473
85      0       1       0       196
85      1       1       0       412
86      0       0       1       616
86      1       0       0       80
87      0       0       0       146
87      1       0       0       738
88      0       1       0       899
88      1       1       1       851
89      0       0       0       289
89      1       0       1       628
90      0       1       1       950
90      1       1       0       513
91      0       0       0       795
91      1       0       0       649
92      0       1       1       358
92      1       0       1       575
93      0       0       0       230
93      1       1       1       769
94      0       0       1       309
94      1       0       0       595
95      0       1       0       944
95      1       1       0       204
96      0       0       0       801
96      1       0       1       793
97      0       1       1       218
97      1       0       1       870
98      0       0       0       145
98      1       0       1       305
99      0       1       1       384
99      1       0       0       771
100     0       1       0       240
100     1       0       1       402
101     0       1       1       633
101     1       0       1       843
102     0       1       0       940
102     1       0       0       814
103     0       1       0       117
103     1       1       1       423
104     0       0       0       629
104     1       1       1       365
105     0       0       0       641
105     1       1       1       72
106     0       1       0       394
106     1       0       0       342
107     0       1       1       297
107     1       0       0       112
108     0       1       1       555
108     1       0       1       129
109     0       0       1       721
109     1       1       0       214
110     0       0       0       45
110     1       0       1       160
111     0       1       0       685
111     1       1       1       322
112     0       1       0       298
112     1       0       0       586
113     0       1       0       810
113     1       0       0       32
114     0       1       0       683
114     1       0       1       310
115     0       1       1       0
115     1       1       0       317
116     0       1       0       533
116     1       1       0       213
117     0       1       1       108
117     1       0       0       950
118     0       0       1       831
118     1       1       1       990
119     0       0       1       106
119     1       1       0       817
120     0       1       1       448
120     1       1       1       615
121     0       0       0       861
121     1       1       0       190
122     0       0       0       450
122     1       1       0       555
123     0       0       1       269
123     1       1       0       141
124     0       1       0       768
124     1       1       0       672
125     0       1       1       539
125     1       0       0       528
126     0       1       1       837
126     1       1       0       406
127     0       1       1       935
127     1       1       1       317
128     0       1       0       98
128     1       0       0       773
129     0       1       1       246
129     1       1       0       911
130     0       1       0       315
130     1       0       1       159
131     0       0       1       50
131     1       0       0       556
132     0       1       0       945
132     1       0       0       391
133     0       0       0       320
133     1       1       0       915
134     0       1       1       50
134     1       0       1       561
135     0       1       0       643
135     1       0       0       674
136     0       0       1       832
136     1       0       0       152
137     0       1       0       202
137     1       0       1       986
138     0       1       0       734
138     1       1       1       653
139     0       0       0       897
139     1       1       1       596
140     0       1       0       941
140     1       0       0       420
141     0       1       1       999
141     1       0       1       462
142     0       0       0       784
142     1       0       0       565
143     0       0       0       692
143     1       0       0       661
144     0       0       1       493
144     1       1       1       43
145     0       0       0       545
145     1       1       1       768
146     0       1       1       468
146     1       0       0       648
147     0       0       0       908
147     1       0       1       470
148     0       0       0       0
148     1       1       1       965
149     0       1       0       443
149     1       1       0       758
150     0       0       0       999
150     1       1       1       501
151     0       0       0       451
151     1       0       0       397
152     0       0       0       271
152     1       1       0       844
153     0       1       0       772
153     1       0       0       985
154     0       0       1       916
154     1       1       1       173
155     0       1       1       69
155     1       1       0       7
156     0       1       0       181
156     1       1       1       383
157     0       1       1       956
157     1       1       0       561
158     0       1       1       83
158     1       1       0       110
159     0       0       1       654
159     1       1       1       441
160     0       0       1       92
160     1       0       1       367
161     0       0       1       767
161     1       0       1       6
162     0       1       1       473
162     1       1       1       626
163     0       0       0       536
163     1       1       0       102
164     0       0       0       322
164     1       0       1       375
165     0       1       1       323
165     1       0       0       715
166     0       1       0       694
166     1       1       1       876
167     0       0       0       164
167     1       0       0       182
168     0       1       0       818
168     1       1       0       448
169     0       0       0       250
169     1       0       1       822
170     0       1       0       325
170     1       0       1       601
171     0       0       1       772
171     1       0       0       478
172     0       1       1       229
172     1       0       1       574
173     0       0       0       552
173     1       1       0       17
174     0       1       0       472
174     1       1       0       878
175     0       1       0       46
175     1       1       1       474
176     0       0       0       115
176     1       0       0       656
177     0       1       1       652
177     1       1       0       560
178     0       0       1       763
178     1       1       1       856
179     0       1       1       504
179     1       0       1       694
180     0       0       1       687
180     1       1       1       423
181     0       1       0       791
181     1       1       1       179
182     0       0       1       996
182     1       0       0       139
183     0       0       1       217
183     1       0       1       494
184     0       0       1       50
184     1       1       0       651
185     0       0       1       323
185     1       0       1       944
186     0       1       0       918
186     1       1       1       153
187     0       1       1       437
187     1       0       0       862
188     0       0       1       327
188     1       0       1       327
189     0       0       0       260
189     1       1       0       179
190     0       1       1       186
190     1       0       0       911
191     0       0       1       106
191     1       1       0       683
192     0       0       0       129
192     1       0       1       32
193     0       1       1       349
193     1       1       1       161
194     0       0       1       464
194     1       1       0       584
195     0       0       0       152
195     1       0       0       900
196     0       1       0       894
196     1       0       1       771
197     0       1       1       662
197     1       1       0       334
198     0       0       0       987
198     1       1       0       954
199     0       0       0       335
199     1       0       0       575
200     0       1       1       18
200     1       1       1       289
201     0       0       0       112
201     1       0       0       405
202     0       0       1       338
202     1       0       0       944
203     0       0       0       179
203     1       1       1       862
204     0       1       0       625
204     1       0       1       983
205     0       1       1       735
205     1       0       0       58
206     0       0       1       552
206     1       1       0       440
207     0       0       1       791
207     1       1       1       993
208     0       1       1       132
208     1       1       0       791
209     0       0       1       404
209     1       1       1       615
210     0       1       1       494
210     1       0       0       805
211     0       1       1       67
211     1       0       0       450
212     0       1       0       740
212     1       0       0       766
213     0       1       1       225
213     1       0       1       337
214     0       1       0       768
214     1       1       1       72
215     0       1       1       122
215     1       1       1       374
216     0       1       1       694
216     1       1       0       390
217     0       0       1       82
217     1       1       1       424
218     0       0       1       962
218     1       1       1       812
219     0       0       0       544
219     1       1       0       308
220     0       0       0       216
220     1       1       1       803
221     0       1       0       484
221     1       1       0       578
222     0       1       1       79
222     1       1       0       770
223     0       0       1       838
223     1       1       0       69
224     0       0       1       59
224     1       0       1       874
225     0       0       0       234
225     1       0       1       63
226     0       1       0       312
226     1       0       0       518
227     0       1       0       932
227     1       1       1       567
228     0       1       1       322
228     1       1       1       404
229     0       1       1       659
229     1       1       0       706
230     0       0       1       156
230     1       1       1       922
231     0       0       1       623
231     1       1       1       961
232     0       1       1       260
232     1       1       1       489
233     0       1       1       787
233     1       1       1       544
234     0       1       0       595
234     1       0       0       645
235     0       1       1       620
235     1       0       1       525
236     0       0       1       644
236     1       0       0       33
237     0       0       1       421
237     1       1       0       872
238     0       1       0       492
238     1       1       1       659
239     0       0       0       64
239     1       0       1       92
240     0       1       0       325
240     1       0       1       367
241     0       0       1       382
241     1       1       0       254
242     0       0       1       462
242     1       1       0       407
243     0       0       0       942
243     1       0       1       840
244     0       0       1       233
244     1       0       0       524
245     0       0       0       115
245     1       0       1       779
246     0       0       0       490
246     1       1       1       570
247     0       1       0       118
247     1       1       0       962
248     0       0       0       48
248     1       1       1       392
249     0       1       0       217
249     1       1       0       290
250     0       0       1       507
250     1       0       0       123
251     0       1       1       835
251     1       1       0       225
252     0       0       1       524
252     1       1       1       996
253     0       1       1       312
253     1       0       0       326
254     0       0       0       45
254     1       1       1       350
255     0       1       0       134
255     1       1       0       303
256     0       0       0       513
256     1       0       1       841
257     0       1       1       859
257     1       0       1       837
258     0       0       0       530
258     1       1       1       900
259     0       1       0       226
259     1       1       1       281
260     0       1       0       111
260     1       1       1       958
261     0       1       1       122
261     1       1       1       691
262     0       1       0       136
262     1       1       1       737
263     0       0       0       197
263     1       0       0       571
264     0       0       1       872
264     1       0       0       907
265     0       1       1       916
265     1       0       0       424
266     0       1       0       137
266     1       0       0       363
267     0       1       0       59
267     1       1       0       698
268     0       0       0       557
268     1       0       0       158
269     0       0       0       633
269     1       0       1       378
270     0       0       0       333
270     1       1       0       873
271     0       0       1       455
271     1       0       1       802
272     0       0       1       89
272     1       1       0       528
273     0       0       0       335
273     1       1       1       270
274     0       0       0       505
274     1       1       0       369
275     0       0       1       669
275     1       1       1       161
276     0       1       0       846
276     1       0       0       220
277     0       0       1       95
277     1       1       1       997
278     0       1       0       23
278     1       1       1       824
279     0       0       1       789
279     1       1       0       913
280     0       0       0       375
280     1       1       0       442
281     0       0       1       316
281     1       1       1       538
282     0       0       1       647
282     1       1       1       987
283     0       1       0       21
283     1       0       1       323
284     0       1       1       536
284     1       1       1       764
285     0       1       1       260
285     1       0       1       673
286     0       0       0       956
286     1       0       1       342
287     0       1       0       86
287     1       0       0       69
288     0       1       0       595
288     1       1       1       892
289     0       0       0       154
289     1       1       0       638
290     0       1       0       320
290     1       0       0       696
291     0       1       1       196
291     1       0       0       333
292     0       0       1       897
292     1       0       0       515
293     0       1       1       398
293     1       1       1       117
294     0       0       1       609
294     1       0       0       864
295     0       1       0       971
295     1       1       1       340
296     0       1       0       532
296     1       0       1       396
297     0       0       1       273
297     1       1       0       465
298     0       1       1       542
298     1       0       0       914
299     0       0       0       123
299     1       1       0       27
300     0       0       1       101
300     1       0       1       332
301     0       0       1       694
301     1       0       0       157
302     0       0       1       445
302     1       0       0       136
303     0       0       1       816
303     1       1       1       680
304     0       0       1       719
304     1       1       0       369
305     0       1       1       252
305     1       0       1       93
306     0       0       1       13
306     1       0       0       11
307     0       1       1       403
307     1       0       1       214
308     0       1       1       877
308     1       1       0       702
309     0       1       1       105
309     1       0       1       673
310     0       1       0       714
310     1       0       1       419
311     0       1       1       607
311     1       0       1       582
312     0       1       0       934
312     1       0       1       851
313     0       1       0       525
313     1       0       0       634
314     0       1       1       499
314     1       1       1       535
315     0       1       0       905
315     1       0       1       545
316     0       0       0       916
316     1       0       0       403
317     0       1       1       375
317     1       0       0       338
318     0       0       0       942
318     1       1       0       825
319     0       1       0       224
319     1       1       0       538
320     0       1       1       886
320     1       1       1       886
321     0       1       0       630
321     1       0       0       529
322     0       1       1       113
322     1       1       0       512
323     0       1       0       410
323     1       0       1       831
324     0       1       1       693
324     1       0       0       21
325     0       0       0       638
325     1       0       0       628
326     0       1       0       407
326     1       0       1       674
327     0       0       1       704
327     1       1       0       495
328     0       1       1       894
328     1       0       1       16
329     0       1       1       705
329     1       1       0       981
330     0       0       0       971
330     1       1       1       711
331     0       0       1       244
331     1       0       0       420
332     0       0       1       231
332     1       1       0       533
333     0       1       0       752
333     1       0       0       395
334     0       1       0       257
334     1       1       1       325
335     0       0       1       931
335     1       1       1       624
336     0       0       0       628
336     1       1       1       453
337     0       0       1       867
337     1       1       1       984
338     0       0       1       435
338     1       1       1       252
339     0       0       0       955
339     1       1       0       920
340     0       0       0       115
340     1       1       0       821
341     0       0       0       343
341     1       1       0       802
342     0       1       1       486
342     1       0       1       202
343     0       0       1       361
343     1       1       0       716
344     0       0       0       241
344     1       1       0       593
345     0       1       0       105
345     1       0       0       297
346     0       1       1       893
346     1       0       0       654
347     0       0       0       314
347     1       1       1       599
348     0       1       1       731
348     1       0       0       523
349     0       0       0       12
349     1       1       0       44
350     0       0       0       136
350     1       0       0       502
351     0       0       0       828
351     1       0       0       44
352     0       1       1       967
352     1       0       0       144
353     0       0       1       310
353     1       1       1       681
354     0       0       1       145
354     1       1       1       925
355     0       1       0       953
355     1       0       0       532
356     0       0       1       594
356     1       1       1       266
357     0       1       0       340
357     1       0       0       478
358     0       0       0       331
358     1       1       0       855
359     0       0       1       44
359     1       0       1       97
360     0       0       1       356
360     1       0       1       708
361     0       0       1       243
361     1       0       0       869
362     0       0       1       602
362     1       1       0       248
363     0       1       0       843
363     1       1       0       82
364     0       0       0       362
364     1       0       1       524
365     0       1       0       759
365     1       1       0       935
366     0       1       0       249
366     1       1       0       738
367     0       0       0       874
367     1       0       1       587
368     0       1       0       667
368     1       0       1       757
369     0       1       0       595
369     1       0       1       555
370     0       0       1       109
370     1       0       0       204
371     0       0       0       796
371     1       0       0       43
372     0       0       0       794
372     1       1       0       826
373     0       1       0       588
373     1       0       1       891
374     0       0       0       575
374     1       0       1       138
375     0       0       1       166
375     1       1       1       613
376     0       0       1       657
376     1       1       1       936
377     0       1       1       529
377     1       0       0       924
378     0       1       1       131
378     1       1       1       748
379     0       0       0       239
379     1       1       0       624
380     0       0       0       552
380     1       1       0       996
381     0       0       1       41
381     1       1       0       961
382     0       1       0       37
382     1       1       0       818
383     0       1       1       346
383     1       0       0       335
384     0       1       1       117
384     1       1       0       85
385     0       1       1       725
385     1       1       1       350
386     0       1       0       701
386     1       0       0       790
387     0       1       1       252
387     1       1       0       999
388     0       1       0       938
388     1       0       1       8
389     0       0       1       616
389     1       0       0       456
390     0       1       0       480
390     1       0       0       241
391     0       0       0       62
391     1       1       0       749
392     0       1       1       641
392     1       0       1       212
393     0       1       0       203
393     1       0       0       843
394     0       0       1       384
394     1       0       0       110
395     0       1       0       649
395     1       0       1       529
396     0       1       0       475
396     1       1       1       699
397     0       0       0       196
397     1       1       1       827
398     0       1       0       857
398     1       0       0       349
399     0       1       1       501
399     1       0       1       242
400     0       0       0       55
400     1       0       0       88
401     0       0       0       415
401     1       0       0       922
402     0       0       1       997
402     1       1       1       725
403     0       0       0       649
403     1       1       1       856
404     0       1       1       34
404     1       0       0       693
405     0       0       0       367
405     1       0       1       521
406     0       0       0       975
406     1       1       1       318
407     0       1       0       969
407     1       1       0       333
408     0       0       0       861
408     1       1       1       274
409     0       0       0       728
409     1       0       0       848
410     0       0       0       240
410     1       1       0       339
411     0       1       0       310
411     1       0       0       171
412     0       0       1       404
412     1       1       1       423
413     0       1       1       615
413     1       1       0       900
414     0       1       0       493
414     1       1       1       355
415     0       0       0       895
415     1       0       0       611
416     0       1       0       515
416     1       1       0       620
417     0       1       0       128
417     1       0       0       639
418     0       1       0       745
418     1       0       0       558
419     0       1       0       599
419     1       0       0       441
420     0       0       0       532
420     1       0       0       791
421     0       0       0       763
421     1       0       1       587
422     0       0       1       463
422     1       1       0       912
423     0       0       0       625
423     1       0       1       773
424     0       1       1       665
424     1       0       0       726
425     0       0       0       262
425     1       1       1       932
426     0       1       1       916
426     1       0       0       421
427     0       0       0       379
427     1       0       1       491
428     0       1       0       438
428     1       0       0       903
429     0       1       0       148
429     1       0       1       105
430     0       0       0       877
430     1       1       1       905
431     0       0       1       848
431     1       0       0       246
432     0       0       1       329
432     1       0       1       962
433     0       1       1       439
433     1       0       1       137
434     0       1       1       672
434     1       0       1       568
435     0       1       1       199
435     1       1       1       244
436     0       1       1       788
436     1       0       1       524
437     0       0       0       195
437     1       1       1       55
438     0       1       0       235
438     1       0       1       116
439     0       1       1       346
439     1       1       1       465
440     0       0       1       371
440     1       0       1       376
441     0       1       1       211
441     1       1       0       0
442     0       1       1       959
442     1       0       1       516
443     0       0       0       758
443     1       0       1       700
444     0       0       1       159
444     1       0       1       887
445     0       1       0       708
445     1       0       1       240
446     0       0       1       632
446     1       1       0       429
447     0       1       1       189
447     1       1       1       754
448     0       0       0       615
448     1       0       1       237
449     0       0       1       222
449     1       0       0       460
450     0       1       0       439
450     1       1       1       830
451     0       0       0       107
451     1       0       1       78
452     0       1       0       440
452     1       0       0       188
453     0       0       1       3
453     1       1       1       230
454     0       1       1       313
454     1       0       1       417
455     0       1       0       46
455     1       0       0       552
456     0       0       0       345
456     1       1       0       862
457     0       0       1       51
457     1       1       1       916
458     0       1       0       144
458     1       0       0       887
459     0       1       0       350
459     1       0       0       116
460     0       0       0       445
460     1       1       1       113
461     0       1       1       88
461     1       0       0       8
462     0       0       0       835
462     1       0       1       861
463     0       0       0       94
463     1       0       0       123
464     0       1       1       571
464     1       1       0       671
465     0       0       1       101
465     1       1       1       513
466     0       0       0       391
466     1       0       1       261
467     0       1       0       133
467     1       0       1       909
468     0       1       1       782
468     1       1       1       689
469     0       1       0       886
469     1       0       1       490
470     0       1       1       812
470     1       1       1       765
471     0       0       0       127
471     1       1       1       416
472     0       0       0       828
472     1       1       0       293
473     0       0       0       93
473     1       1       1       912
474     0       0       1       146
474     1       1       0       288
475     0       1       1       185
475     1       1       1       843
476     0       1       1       998
476     1       1       1       930
477     0       1       0       55
477     1       0       1       162
478     0       1       1       563
478     1       0       1       632
479     0       1       1       905
479     1       0       0       195
480     0       1       0       636
480     1       0       0       159
481     0       1       1       883
481     1       1       0       643
482     0       1       0       763
482     1       1       1       54
483     0       1       0       668
483     1       0       1       99
484     0       1       0       851
484     1       0       1       243
485     0       0       1       806
485     1       0       0       384
486     0       0       1       188
486     1       1       0       112
487     0       0       0       9
487     1       1       0       456
488     0       1       1       509
488     1       1       1       762
489     0       1       1       182
489     1       1       1       671
490     0       1       0       236
490     1       0       1       511
491     0       1       1       259
491     1       0       1       232
492     0       1       1       618
492     1       1       1       740
493     0       1       1       251
493     1       1       1       974
494     0       1       1       381
494     1       1       0       30
495     0       0       0       845
495     1       1       1       806
496     0       0       1       38
496     1       0       1       562
497     0       0       0       534
497     1       0       1       54
498     0       1       0       275
498     1       1       0       292
499     0       1       1       348
499     1       0       0       452
500     0       0       1       818
500     1       1       0       120
501     0       0       1       857
501     1       0       1       861
502     0       1       0       409
502     1       0       1       204
503     0       1       0       351
503     1       0       0       631
504     0       0       1       852
504     1       0       1       838
505     0       0       0       572
505     1       0       0       657
506     0       0       1       396
506     1       0       0       313
507     0       1       1       339
507     1       1       0       126
508     0       1       0       974
508     1       0       0       149
509     0       1       1       10
509     1       1       0       822
510     0       1       0       375
510     1       0       1       622
511     0       0       0       435
511     1       1       1       427
512     0       1       0       55
512     1       0       1       350
513     0       1       1       313
513     1       1       1       641
514     0       0       0       219
514     1       0       0       26
515     0       1       1       902
515     1       1       0       780
516     0       1       0       900
516     1       0       0       906
517     0       0       1       666
517     1       1       1       38
518     0       0       1       680
518     1       0       0       960
519     0       1       1       410
519     1       1       0       926
520     0       1       1       443
520     1       1       0       371
521     0       1       1       108
521     1       1       1       1
522     0       1       1       130
522     1       1       0       258
523     0       1       1       976
523     1       0       0       706
524     0       0       0       99
524     1       0       1       666
525     0       0       0       658
525     1       1       1       669
526     0       0       0       225
526     1       1       0       34
527     0       0       0       467
527     1       1       0       522
528     0       1       0       969
528     1       0       0       233
529     0       0       0       473
529     1       0       0       928
530     0       0       1       444
530     1       0       0       951
531     0       1       0       187
531     1       0       1       289
532     0       0       1       179
532     1       0       1       860
533     0       1       0       923
533     1       0       0       906
534     0       1       1       703
534     1       0       0       525
535     0       1       0       340
535     1       0       1       441
536     0       1       1       750
536     1       1       0       656
537     0       0       0       844
537     1       0       1       487
538     0       1       1       820
538     1       1       0       686
539     0       1       1       157
539     1       0       1       442
540     0       1       0       805
540     1       0       0       534
541     0       1       0       501
541     1       0       1       851
542     0       1       1       383
542     1       0       1       252
543     0       1       1       877
543     1       1       0       742
544     0       0       1       396
544     1       1       1       435
545     0       1       1       332
545     1       1       1       497
546     0       0       1       94
546     1       0       0       723
547     0       0       1       545
547     1       1       1       729
548     0       1       1       629
548     1       0       1       987
549     0       1       1       254
549     1       1       1       298
550     0       1       0       619
550     1       1       0       960
551     0       1       0       662
551     1       1       1       352
552     0       1       1       501
552     1       0       1       787
553     0       0       1       4
553     1       1       1       685
554     0       0       0       461
554     1       0       0       891
555     0       0       1       189
555     1       0       1       93
556     0       0       0       409
556     1       1       0       337
557     0       1       1       280
557     1       1       0       849
558     0       1       0       657
558     1       1       1       688
559     0       1       0       463
559     1       1       0       549
560     0       0       1       515
560     1       0       0       637
561     0       1       0       757
561     1       0       0       588
562     0       1       1       698
562     1       1       1       883
563     0       1       0       769
563     1       1       1       491
564     0       0       0       724
564     1       1       1       345
565     0       1       1       493
565     1       1       0       690
566     0       0       1       426
566     1       1       1       370
567     0       0       0       732
567     1       0       1       55
568     0       1       0       119
568     1       0       1       77
569     0       1       1       228
569     1       1       0       703
570     0       0       1       76
570     1       1       1       860
571     0       1       0       966
571     1       0       1       684
572     0       1       0       542
572     1       0       0       352
573     0       0       0       887
573     1       1       1       633
574     0       0       1       378
574     1       0       1       399
575     0       0       1       475
575     1       1       1       717
576     0       0       1       948
576     1       1       1       539
577     0       0       1       634
577     1       0       0       876
578     0       0       1       243
578     1       0       1       753
579     0       0       1       684
579     1       0       0       915
580     0       1       0       825
580     1       0       0       580
581     0       1       1       874
581     1       1       1       193
582     0       0       0       979
582     1       1       0       28
583     0       1       1       444
583     1       1       1       800
584     0       0       0       935
584     1       0       0       938
585     0       0       1       387
585     1       1       1       247
586     0       0       1       590
586     1       1       1       20
587     0       1       1       967
587     1       0       1       13
588     0       0       1       217
588     1       1       0       941
589     0       1       0       454
589     1       1       1       738
590     0       0       0       538
590     1       1       0       736
591     0       0       0       759
591     1       1       0       701
592     0       1       1       641
592     1       0       1       24
593     0       1       1       442
593     1       0       0       285
594     0       0       0       989
594     1       1       0       323
595     0       0       1       171
595     1       1       1       652
596     0       1       1       389
596     1       1       1       39
597     0       1       1       995
597     1       0       1       873
598     0       1       0       360
598     1       1       1       629
599     0       1       0       8
599     1       1       1       852
600     0       0       1       814
600     1       0       1       584
601     0       0       0       831
601     1       0       0       140
602     0       0       1       528
602     1       1       1       443
603     0       1       1       724
603     1       1       1       670
604     0       0       0       875
604     1       1       0       333
605     0       0       1       428
605     1       1       1       32
606     0       0       0       720
606     1       0       1       471
607     0       0       0       848
607     1       0       0       737
608     0       1       0       305
608     1       0       0       955
609     0       0       1       690
609     1       1       1       745
610     0       1       1       964
610     1       0       1       443
611     0       0       1       679
611     1       1       0       454
612     0       1       1       194
612     1       0       0       934
613     0       0       1       252
613     1       0       0       28
614     0       0       0       223
614     1       1       0       25
615     0       1       1       422
615     1       0       1       737
616     0       0       0       183
616     1       1       1       872
617     0       0       1       576
617     1       0       1       448
618     0       0       1       832
618     1       1       0       599
619     0       0       0       552
619     1       1       0       497
620     0       1       1       197
620     1       0       0       509
621     0       1       0       743
621     1       1       0       817
622     0       0       1       163
622     1       0       1       655
623     0       0       0       346
623     1       0       0       226
624     0       1       1       667
624     1       0       0       383
625     0       1       0       997
625     1       1       0       743
626     0       0       1       672
626     1       1       1       758
627     0       0       1       225
627     1       0       1       300
628     0       1       0       136
628     1       1       0       822
629     0       0       0       442
629     1       1       0       472
630     0       0       1       612
630     1       1       1       206
631     0       1       0       203
631     1       1       0       677
632     0       0       0       120
632     1       1       1       444
633     0       0       0       302
633     1       1       0       181
634     0       0       1       335
634     1       1       1       645
635     0       0       0       29
635     1       0       0       580
636     0       0       0       931
636     1       1       0       419
637     0       0       1       312
637     1       0       1       207
638     0       1       0       740
638     1       1       1       963
639     0       0       1       331
639     1       1       1       715
640     0       1       0       42
640     1       0       0       787
641     0       1       1       54
641     1       0       1       15
642     0       0       0       979
642     1       0       1       473
643     0       1       0       248
643     1       1       0       130
644     0       0       0       553
644     1       1       0       979
645     0       1       1       61
645     1       0       1       676
646     0       1       1       196
646     1       0       0       621
647     0       1       1       643
647     1       0       1       30
648     0       1       1       738
648     1       0       1       571
649     0       1       1       281
649     1       0       0       653
650     0       1       0       919
650     1       0       0       35
651     0       1       0       90
651     1       0       0       399
652     0       1       0       245
652     1       1       1       805
653     0       0       1       991
653     1       0       1       565
654     0       1       0       964
654     1       0       0       896
655     0       1       0       125
655     1       1       0       386
656     0       0       0       376
656     1       1       1       859
657     0       0       0       190
657     1       0       0       203
658     0       1       1       249
658     1       1       1       99
659     0       0       0       259
659     1       0       0       729
660     0       1       0       795
660     1       0       0       767
661     0       0       0       658
661     1       0       0       291
662     0       0       0       969
662     1       1       1       547
663     0       0       0       836
663     1       0       1       992
664     0       1       1       534
664     1       0       1       950
665     0       1       1       102
665     1       1       0       309
666     0       0       0       24
666     1       0       1       691
667     0       1       1       606
667     1       1       0       943
668     0       0       0       26
668     1       0       0       351
669     0       1       0       709
669     1       0       1       587
670     0       0       1       784
670     1       0       1       344
671     0       0       1       445
671     1       0       1       265
672     0       0       0       64
672     1       0       1       303
673     0       1       0       380
673     1       1       0       421
674     0       1       0       743
674     1       0       0       297
675     0       0       1       711
675     1       1       0       702
676     0       1       0       803
676     1       1       0       470
677     0       1       0       915
677     1       0       0       377
678     0       0       1       777
678     1       1       0       812
679     0       0       1       996
679     1       1       0       421
680     0       0       1       729
680     1       0       1       141
681     0       0       0       776
681     1       0       0       29
682     0       0       0       336
682     1       0       0       19
683     0       1       0       276
683     1       1       0       970
684     0       0       1       65
684     1       0       0       133
685     0       0       1       65
685     1       0       1       797
686     0       1       1       78
686     1       0       1       800
687     0       1       1       939
687     1       0       0       692
688     0       1       1       6
688     1       0       0       98
689     0       1       1       499
689     1       0       1       772
690     0       0       1       203
690     1       1       0       382
691     0       1       0       98
691     1       0       0       156
692     0       1       1       514
692     1       0       1       388
693     0       0       0       330
693     1       1       0       338
694     0       1       0       560
694     1       0       1       345
695     0       1       1       701
695     1       1       1       117
696     0       1       1       288
696     1       1       1       994
697     0       0       0       606
697     1       0       0       744
698     0       0       1       43
698     1       1       0       327
699     0       1       1       486
699     1       1       0       325
700     0       1       1       774
700     1       0       1       871
701     0       0       0       964
701     1       1       0       331
702     0       0       1       545
702     1       1       0       296
703     0       0       0       853
703     1       1       1       656
704     0       1       1       77
704     1       0       0       119
705     0       1       0       602
705     1       1       1       774
706     0       0       1       653
706     1       1       0       257
707     0       0       0       957
707     1       1       0       31
708     0       1       1       123
708     1       0       0       496
709     0       1       0       837
709     1       1       0       271
710     0       0       0       390
710     1       1       1       752
711     0       0       0       921
711     1       0       1       205
712     0       0       0       969
712     1       1       1       325
713     0       1       1       762
713     1       0       1       12
714     0       0       0       805
714     1       1       0       712
715     0       1       1       296
715     1       1       0       137
716     0       0       1       723
716     1       0       1       217
717     0       1       0       415
717     1       1       1       884
718     0       0       0       355
718     1       0       0       336
719     0       1       0       870
719     1       0       1       503
720     0       0       1       116
720     1       0       1       124
721     0       0       0       426
721     1       0       1       699
722     0       0       0       898
722     1       0       1       670
723     0       1       1       590
723     1       0       1       21
724     0       1       0       314
724     1       1       1       439
725     0       0       1       354
725     1       0       1       814
726     0       0       0       545
726     1       1       1       443
727     0       0       1       50
727     1       1       1       16
728     0       1       0       800
728     1       1       1       890
729     0       0       1       490
729     1       1       0       688
730     0       0       1       634
730     1       1       1       193
731     0       0       1       387
731     1       1       0       309
732     0       0       1       760
732     1       1       0       16
733     0       0       0       765
733     1       1       1       654
734     0       1       1       666
734     1       1       0       198
735     0       0       1       410
735     1       0       0       11
736     0       0       0       942
736     1       1       1       927
737     0       0       0       217
737     1       0       0       983
738     0       1       0       608
738     1       1       0       120
739     0       1       0       6
739     1       1       1       380
740     0       1       1       551
740     1       1       0       58
741     0       0       0       273
741     1       1       1       735
742     0       1       0       449
742     1       1       0       323
743     0       0       1       567
743     1       1       1       764
744     0       0       0       10
744     1       0       0       440
745     0       0       0       717
745     1       1       0       802
746     0       0       1       295
746     1       0       1       583
747     0       1       0       591
747     1       1       1       145
748     0       0       1       57
748     1       1       1       45
749     0       1       0       213
749     1       0       0       447
750     0       1       1       96
750     1       0       1       341
751     0       0       0       550
751     1       0       1       364
752     0       1       0       102
752     1       1       0       426
753     0       0       0       519
753     1       1       0       371
754     0       1       1       618
754     1       0       1       747
755     0       1       1       152
755     1       0       0       749
756     0       1       1       50
756     1       0       1       606
757     0       1       1       37
757     1       0       1       376
758     0       1       1       120
758     1       0       0       288
759     0       1       0       637
759     1       0       0       477
760     0       1       0       471
760     1       0       0       5
761     0       1       0       555
761     1       1       1       563
762     0       0       1       356
762     1       0       1       636
763     0       1       0       605
763     1       0       0       790
764     0       1       0       385
764     1       1       0       799
765     0       0       0       646
765     1       1       1       662
766     0       0       0       81
766     1       0       0       174
767     0       1       1       511
767     1       1       1       74
768     0       0       0       958
768     1       0       0       703
769     0       1       0       971
769     1       0       0       35
770     0       0       0       543
770     1       0       0       608
771     0       0       0       209
771     1       1       1       718
772     0       0       0       1
772     1       0       1       993
773     0       1       1       62
773     1       0       1       198
774     0       1       1       170
774     1       1       0       709
775     0       0       0       927
775     1       0       1       982
776     0       1       1       376
776     1       1       0       310
777     0       0       0       637
777     1       0       0       781
778     0       1       0       339
778     1       0       1       575
779     0       0       1       378
779     1       0       1       739
780     0       0       1       796
780     1       0       1       468
781     0       0       0       684
781     1       0       1       986
782     0       1       0       60
782     1       1       0       255
783     0       1       0       520
783     1       0       0       921
784     0       0       1       352
784     1       1       0       149
785     0       1       0       559
785     1       1       0       599
786     0       1       0       782
786     1       0       0       51
787     0       0       1       676
787     1       1       0       723
788     0       0       1       91
788     1       1       0       827
789     0       0       1       10
789     1       0       1       186
790     0       0       0       57
790     1       0       0       403
791     0       0       0       327
791     1       0       0       456
792     0       1       0       329
792     1       1       0       344
793     0       0       1       766
793     1       0       0       782
794     0       0       1       599
794     1       0       1       674
795     0       1       1       644
795     1       0       1       450
796     0       1       1       613
796     1       1       1       405
797     0       0       0       657
797     1       1       1       566
798     0       1       1       555
798     1       0       0       924
799     0       1       0       181
799     1       0       0       437
800     0       1       0       761
800     1       0       1       947
801     0       1       0       999
801     1       1       0       854
802     0       1       0       993
802     1       1       1       322
803     0       0       0       267
803     1       1       1       748
804     0       1       0       327
804     1       1       1       160
805     0       1       1       29
805     1       1       0       668
806     0       0       0       912
806     1       1       1       953
807     0       1       0       758
807     1       1       0       580
808     0       0       1       900
808     1       0       1       196
809     0       0       0       259
809     1       1       0       107
810     0       0       0       273
810     1       0       0       452
811     0       1       0       891
811     1       1       1       848
812     0       0       1       929
812     1       1       0       844
813     0       0       0       600
813     1       0       1       953
814     0       0       0       976
814     1       1       0       566
815     0       0       1       278
815     1       1       0       468
816     0       1       1       606
816     1       0       0       415
817     0       1       1       75
817     1       1       0       16
818     0       0       0       579
818     1       1       1       729
819     0       0       1       830
819     1       0       0       16
820     0       0       0       500
820     1       0       0       944
821     0       0       0       713
821     1       0       1       35
822     0       1       1       819
822     1       0       0       736
823     0       1       1       847
823     1       1       1       464
824     0       0       0       378
824     1       0       0       689
825     0       0       1       660
825     1       0       0       64
826     0       1       1       75
826     1       1       0       720
827     0       1       0       628
827     1       0       0       261
828     0       1       1       698
828     1       0       0       722
829     0       0       0       191
829     1       0       0       878
830     0       1       0       385
830     1       1       0       736
831     0       0       0       264
831     1       0       1       508
832     0       1       1       613
832     1       1       1       776
833     0       1       0       40
833     1       1       0       720
834     0       1       1       798
834     1       0       0       736
835     0       0       0       232
835     1       1       0       777
836     0       1       0       295
836     1       1       0       593
837     0       0       0       184
837     1       1       0       568
838     0       0       0       364
838     1       1       0       431
839     0       0       0       401
839     1       0       0       853
840     0       0       0       578
840     1       0       0       504
841     0       0       1       917
841     1       0       1       132
842     0       1       0       614
842     1       0       0       99
843     0       0       1       128
843     1       1       1       970
844     0       0       0       348
844     1       0       0       437
845     0       1       1       155
845     1       1       1       817
846     0       0       0       76
846     1       0       0       68
847     0       0       1       766
847     1       1       0       638
848     0       0       0       930
848     1       1       0       772
849     0       0       1       2
849     1       0       0       545
850     0       1       1       866
850     1       0       1       73
851     0       0       0       450
851     1       0       1       495
852     0       0       1       960
852     1       1       1       902
853     0       0       1       169
853     1       1       1       91
854     0       0       1       13
854     1       1       1       658
855     0       1       1       6
855     1       1       1       353
856     0       0       1       428
856     1       0       0       885
857     0       1       1       581
857     1       1       0       603
858     0       0       1       917
858     1       1       1       763
859     0       1       1       991
859     1       0       1       767
860     0       0       1       926
860     1       1       1       607
861     0       1       0       432
861     1       1       1       777
862     0       0       1       235
862     1       0       0       291
863     0       0       1       340
863     1       0       1       305
864     0       0       1       550
864     1       1       0       349
865     0       0       1       84
865     1       0       1       290
866     0       1       0       325
866     1       1       1       409
867     0       1       1       874
867     1       0       0       90
868     0       0       1       159
868     1       0       1       121
869     0       0       0       233
869     1       1       0       538
870     0       1       1       112
870     1       0       0       927
871     0       0       1       12
871     1       1       0       314
872     0       0       0       399
872     1       0       1       536
873     0       1       1       85
873     1       1       1       669
874     0       0       1       863
874     1       1       0       334
875     0       0       0       41
875     1       0       0       902
876     0       1       0       67
876     1       0       1       391
877     0       1       1       672
877     1       1       0       425
878     0       0       0       872
878     1       1       0       894
879     0       0       0       559
879     1       0       0       296
880     0       1       1       824
880     1       1       1       504
881     0       0       0       393
881     1       0       0       342
882     0       0       1       231
882     1       0       0       429
883     0       0       0       709
883     1       1       1       830
884     0       1       0       230
884     1       0       1       209
885     0       1       1       13
885     1       0       0       19
886     0       0       1       851
886     1       1       0       990
887     0       0       1       904
887     1       1       1       773
888     0       1       1       641
888     1       1       0       935
889     0       0       1       145
889     1       1       1       372
890     0       1       1       27
890     1       0       0       964
891     0       1       1       884
891     1       0       0       483
892     0       1       0       629
892     1       0       0       469
893     0       1       1       557
893     1       0       1       187
894     0       1       0       199
894     1       1       1       491
895     0       1       1       397
895     1       1       1       338
896     0       1       1       243
896     1       1       0       985
897     0       0       1       353
897     1       1       1       572
898     0       0       1       455
898     1       1       1       109
899     0       0       0       775
899     1       1       0       136
900     0       0       0       510
900     1       1       1       366
901     0       1       0       22
901     1       1       0       896
902     0       1       1       816
902     1       1       0       678
903     0       0       1       957
903     1       1       0       601
904     0       0       1       148
904     1       0       1       664
905     0       0       0       578
905     1       0       1       957
906     0       1       0       818
906     1       0       0       229
907     0       1       0       11
907     1       1       1       470
908     0       1       1       270
908     1       1       1       483
909     0       1       1       606
909     1       1       0       185
910     0       0       1       828
910     1       1       1       144
911     0       0       1       119
911     1       1       1       967
912     0       1       1       142
912     1       1       1       579
913     0       1       1       772
913     1       1       1       557
914     0       1       0       397
914     1       0       0       726
915     0       1       1       813
915     1       0       1       880
916     0       0       1       459
916     1       0       0       980
917     0       0       1       722
917     1       1       0       62
918     0       1       0       659
918     1       1       1       490
919     0       0       0       972
919     1       0       1       293
920     0       1       0       775
920     1       0       1       593
921     0       0       1       537
921     1       1       0       819
922     0       0       1       93
922     1       1       0       524
923     0       0       0       597
923     1       0       1       767
924     0       0       1       798
924     1       0       0       504
925     0       0       0       450
925     1       0       1       547
926     0       0       0       893
926     1       1       1       616
927     0       1       0       173
927     1       1       0       602
928     0       0       0       661
928     1       1       1       736
929     0       1       0       741
929     1       1       0       706
930     0       0       1       489
930     1       0       0       731
931     0       1       1       210
931     1       1       0       621
932     0       0       1       535
932     1       1       1       212
933     0       1       1       215
933     1       0       0       285
934     0       0       0       809
934     1       1       1       655
935     0       1       0       349
935     1       1       0       695
936     0       0       0       304
936     1       0       1       183
937     0       1       1       5
937     1       0       1       560
938     0       0       0       23
938     1       1       1       357
939     0       1       0       263
939     1       1       1       182
940     0       1       0       562
940     1       1       1       460
941     0       1       1       271
941     1       1       1       431
942     0       1       0       419
942     1       1       1       526
943     0       0       0       459
943     1       0       0       515
944     0       0       1       89
944     1       0       0       353
945     0       1       1       678
945     1       0       0       680
946     0       1       0       977
946     1       0       0       646
947     0       1       0       500
947     1       1       0       548
948     0       0       0       731
948     1       0       0       734
949     0       0       0       747
949     1       0       1       952
950     0       0       0       101
950     1       1       0       620
951     0       0       1       241
951     1       0       1       550
952     0       0       1       783
952     1       1       0       474
953     0       0       0       683
953     1       1       1       340
954     0       0       0       198
954     1       1       0       687
955     0       0       1       910
955     1       1       1       375
956     0       1       0       241
956     1       0       0       847
957     0       0       1       357
957     1       1       1       16
958     0       1       0       269
958     1       1       1       476
959     0       0       1       114
959     1       1       0       175
960     0       0       0       927
960     1       1       0       671
961     0       0       1       118
961     1       1       1       918
962     0       0       1       169
962     1       1       1       188
963     0       1       0       83
963     1       0       1       473
964     0       1       1       215
964     1       1       1       685
965     0       1       1       401
965     1       0       1       330
966     0       0       0       887
966     1       0       1       36
967     0       1       1       24
967     1       1       1       961
968     0       0       1       998
968     1       1       1       927
969     0       1       1       951
969     1       1       0       969
970     0       1       0       479
970     1       1       0       259
971     0       1       1       324
971     1       1       1       447
972     0       0       1       270
972     1       0       1       978
973     0       1       1       465
973     1       0       0       986
974     0       0       0       488
974     1       0       1       577
975     0       0       1       34
975     1       0       0       4
976     0       1       0       982
976     1       1       1       333
977     0       1       0       595
977     1       1       0       615
978     0       1       1       145
978     1       1       0       82
979     0       1       0       630
979     1       0       1       109
980     0       0       0       21
980     1       1       0       162
981     0       0       0       707
981     1       1       1       743
982     0       1       1       691
982     1       1       0       261
983     0       1       1       777
983     1       0       0       834
984     0       1       1       789
984     1       1       1       248
985     0       1       0       159
985     1       0       1       176
986     0       1       1       187
986     1       0       0       870
987     0       0       1       706
987     1       1       0       206
988     0       0       1       791
988     1       1       1       19
989     0       1       0       530
989     1       0       1       356
990     0       1       1       31
990     1       1       0       44
991     0       0       1       370
991     1       1       0       576
992     0       0       0       718
992     1       0       0       221
993     0       1       1       467
993     1       0       1       818
994     0       0       1       738
994     1       0       1       845
995     0       1       1       555
995     1       0       1       884
996     0       1       1       673
996     1       0       1       100
997     0       0       0       903
997     1       0       1       885
998     0       0       1       257
998     1       0       1       718
999     0       0       0       825
999     1       1       0       189
1000    0       0       0       595
1000    1       1       1       690

Fitness Score       : 2808.8252
Halted              : T
Sigma               : 14
Shifts              : 763
Last State          : 0
Last Position       : 7
Length Traversed    : 28
Avg Block Size      : 1.5555556
Max Block Size      : 4
Condensed Tape: (4 1 1 2 2 1 1 1 1)
**************************************************
