
******** Search completed in 170.766 secs ********

Population size  : 200
Generations      : 20
Mutation Rate    : 1/5
Machine States   : 1000
Shift Limit      : 1000
Fitness weights: 
  Weight a   : 1/50
  Weight b   : 1/20
  Weight c   : 1/50
  Weight d   : 1/30
  Weight e   : 1200
  Weight f   : 1/50
  Weight g   : 1/30
  Weight h   : 1
  Weight i   : 700

**************************************************


******************* best fit *********************
Machine #: (1 1 248 0 0 895 1 0 74 1 0 482 0 1 224 1 1 906 0 1 97 0 0 828 0 0 720 1 1 94 0
 0 278 0 0 391 1 0 122 1 0 711 1 0 400 0 0 269 1 0 659 0 1 544 1 0 128 1 1 805
 0 1 642 0 0 474 1 1 317 1 0 381 1 0 661 0 0 768 1 1 887 1 1 463 1 1 852 0 1
 651 0 1 75 0 0 355 0 0 632 1 0 785 0 0 964 0 1 851 0 1 741 0 0 367 1 1 968 1 1
 936 0 1 100 1 0 833 1 1 252 1 1 106 0 1 28 1 0 58 1 0 195 0 0 313 0 0 216 1 1
 923 1 0 190 1 1 804 1 1 872 0 0 559 1 0 316 0 0 297 1 0 485 1 0 26 1 0 158 1 1
 322 0 0 795 0 1 773 1 1 375 1 0 691 1 0 594 1 1 831 1 1 914 1 0 985 0 0 479 1
 1 886 1 1 589 1 1 216 0 1 924 0 0 522 1 0 265 0 1 593 0 1 387 1 0 124 0 1 157
 1 0 622 1 1 773 0 0 882 0 1 772 0 1 973 1 0 374 1 0 666 0 1 323 0 0 200 1 0
 552 0 0 219 1 1 45 0 1 391 0 0 355 1 0 926 0 1 307 1 0 272 1 1 883 0 1 585 0 0
 718 0 1 299 1 0 157 0 0 404 0 1 458 0 1 576 1 1 605 0 1 373 0 1 317 0 1 383 0
 0 184 1 1 163 1 1 574 0 0 164 1 0 491 1 0 124 0 1 289 1 0 249 1 0 680 1 0 17 0
 1 863 0 1 391 0 0 891 1 0 796 0 0 768 1 0 913 0 0 838 0 1 71 0 0 689 1 1 648 0
 0 402 1 1 186 0 1 636 0 1 669 1 1 729 1 1 466 0 0 490 1 0 3 0 1 817 0 0 533 0
 0 65 0 0 471 0 0 598 0 0 720 0 0 567 0 0 223 0 1 569 1 0 554 0 1 933 1 0 887 0
 1 665 0 1 739 0 1 503 1 1 119 0 0 221 0 0 703 1 1 482 0 0 575 0 1 591 1 0 714
 0 1 865 1 1 38 1 1 280 0 1 617 1 1 23 1 0 729 1 1 401 1 0 97 1 0 175 0 0 123 1
 0 501 1 1 74 0 1 581 0 0 800 0 1 469 0 1 346 0 0 849 1 0 84 1 1 541 1 1 384 0
 1 502 1 1 737 0 1 359 1 1 718 0 0 193 0 1 542 1 1 93 0 0 52 0 1 465 1 0 763 0
 0 844 1 0 73 1 1 294 0 1 123 0 0 559 0 0 247 0 0 946 1 1 658 1 1 339 0 0 168 0
 0 734 0 0 190 1 1 119 0 0 955 1 0 81 1 0 124 1 1 460 0 0 687 1 0 935 0 1 446 1
 0 765 0 1 513 1 0 829 1 1 283 1 1 913 1 0 667 1 0 872 0 1 763 0 0 893 1 0 870
 1 1 235 0 1 80 1 0 480 1 0 521 0 1 138 1 1 631 0 1 367 1 0 935 1 1 889 1 1 622
 0 0 688 0 0 287 0 1 679 0 1 439 0 1 914 1 1 558 1 0 387 1 1 79 0 0 577 1 1 841
 0 1 788 0 0 277 0 0 808 1 0 453 1 1 747 0 0 522 0 0 750 0 0 849 1 1 351 1 0
 119 1 1 411 0 0 563 0 0 88 0 0 134 1 1 408 0 1 240 1 0 990 1 0 162 0 0 288 1 0
 75 1 1 288 0 1 288 1 1 268 0 1 747 0 0 914 0 0 988 0 1 470 1 0 789 1 0 123 1 1
 861 1 0 519 0 1 228 0 0 652 0 0 494 1 0 3 1 0 16 0 0 516 0 1 722 0 0 792 1 0
 149 0 0 804 0 1 181 1 0 430 0 0 822 0 1 274 0 0 783 1 0 859 1 0 761 1 0 991 1
 1 225 0 0 695 0 1 995 0 1 87 1 0 155 1 0 272 0 1 817 0 0 466 1 0 111 0 0 625 1
 1 258 0 1 402 0 0 90 1 0 405 0 1 712 1 0 426 1 1 635 0 1 426 0 0 396 0 1 732 1
 0 7 0 0 280 0 1 674 0 1 267 1 1 153 0 1 419 0 1 664 0 1 199 0 0 578 1 1 671 1
 1 797 0 0 929 1 0 648 1 0 727 0 1 318 1 0 58 1 0 609 1 0 496 0 1 197 0 1 854 0
 0 975 1 0 615 0 0 144 1 0 124 0 0 446 0 1 370 0 0 729 1 1 246 0 0 466 1 1 582
 0 1 544 0 1 183 1 1 334 1 1 889 0 0 331 1 0 276 0 1 861 0 0 864 0 0 131 0 0
 217 0 0 160 0 0 61 0 0 878 0 0 578 0 1 145 1 0 10 0 1 976 1 0 449 0 1 611 0 1
 334 0 1 200 1 1 994 0 0 313 0 0 21 1 1 370 0 0 451 0 1 506 1 0 17 0 1 820 1 1
 439 1 1 209 0 1 895 1 1 822 1 0 0 1 1 135 1 0 293 1 0 705 0 0 194 1 0 388 1 1
 884 0 1 954 0 0 630 0 1 675 0 1 268 0 0 214 1 0 471 1 1 365 1 1 233 0 1 854 1
 1 430 0 1 65 1 1 456 0 0 831 0 1 150 1 1 66 0 0 463 0 1 156 1 0 731 0 0 964 1
 0 693 1 1 172 0 1 995 0 0 208 0 0 213 0 0 15 1 1 951 1 1 882 0 0 32 0 0 868 0
 0 76 1 1 118 0 0 237 1 0 573 1 0 61 1 1 404 0 0 702 1 0 965 0 1 931 1 0 309 0
 1 736 1 0 481 1 1 164 1 1 213 1 0 395 1 0 787 0 1 443 0 0 40 1 0 459 1 1 530 0
 1 733 1 0 609 1 0 160 0 1 175 1 1 713 0 1 493 1 0 389 1 1 843 1 1 647 0 0 204
 0 0 831 0 1 629 0 1 204 0 1 384 1 1 971 1 0 221 1 1 841 0 0 517 1 1 796 0 1
 229 0 0 997 0 0 607 1 0 768 1 1 257 0 0 566 0 0 882 0 0 436 1 1 639 1 0 303 1
 1 190 0 0 517 0 0 388 0 0 350 1 1 589 0 1 624 1 0 535 1 0 890 0 0 534 1 0 361
 1 1 614 0 1 26 1 1 846 0 1 895 0 0 615 0 0 245 0 1 977 1 0 119 1 0 983 1 1 953
 1 0 922 0 1 647 0 0 261 0 0 851 1 0 157 1 0 927 0 0 813 0 1 815 0 0 338 1 0
 198 0 0 380 0 1 693 1 0 631 0 0 567 0 1 73 0 0 22 1 0 751 1 0 13 1 1 112 0 1
 176 0 0 999 0 1 75 0 0 544 1 1 557 0 0 778 0 0 671 1 0 72 0 0 592 0 1 535 1 1
 789 0 0 951 1 0 864 0 1 720 0 0 869 0 1 881 1 1 831 0 0 89 0 0 536 0 0 263 1 1
 72 0 1 15 1 0 575 1 1 173 0 1 8 0 1 391 1 0 1 0 0 124 1 0 877 0 1 789 0 0 906
 0 1 719 1 0 466 1 1 335 0 1 153 0 1 603 1 0 697 0 1 129 1 1 600 0 0 259 1 0
 642 0 1 160 0 0 625 1 0 793 0 0 810 0 1 351 0 1 479 1 1 56 1 1 563 1 1 952 1 1
 373 0 1 16 1 1 507 0 1 793 0 1 417 1 0 124 0 0 751 0 0 765 0 1 243 0 0 233 0 0
 851 0 1 28 0 0 714 0 0 926 1 0 208 0 0 616 0 1 93 0 1 216 0 1 334 0 0 279 1 0
 64 1 1 495 0 0 787 1 0 604 0 0 125 0 1 720 0 1 543 1 0 327 1 1 119 1 1 263 1 1
 891 1 1 183 1 1 352 0 1 328 1 1 548 1 1 3 0 1 691 0 1 845 1 1 832 1 0 53 0 1
 726 1 0 522 0 1 976 0 0 316 1 1 650 1 1 52 1 1 159 0 0 928 1 1 358 1 0 405 0 0
 751 1 0 522 1 0 338 0 1 84 0 0 694 0 0 381 0 1 911 0 1 250 1 0 969 0 0 938 1 0
 343 0 1 999 0 0 36 0 1 856 0 0 298 0 1 801 0 0 736 1 0 554 0 1 515 0 0 615 1 0
 506 0 1 983 0 1 408 1 1 188 0 0 765 1 0 832 0 1 69 1 0 890 0 1 235 0 0 482 1 1
 958 1 0 758 0 0 903 0 0 145 1 1 69 1 0 882 1 0 14 0 1 825 1 1 888 0 1 682 1 1
 287 1 1 737 1 1 639 1 1 33 1 1 235 0 0 115 1 1 308 0 1 829 0 1 264 1 0 929 1 0
 158 1 1 729 0 1 241 1 0 788 1 0 810 0 0 29 1 0 845 1 1 633 1 1 573 0 0 597 0 0
 161 0 0 348 1 1 869 0 1 952 1 0 853 0 1 208 0 0 779 1 0 302 1 1 547 1 1 163 1
 1 409 0 0 17 1 1 821 1 0 64 1 0 31 1 1 279 1 0 30 1 1 863 1 1 678 1 0 170 1 0
 836 1 0 444 1 0 908 1 1 22 1 1 362 1 0 696 0 0 306 1 1 535 0 1 136 1 0 218 0 0
 192 0 0 437 0 1 4 1 0 934 0 1 305 0 0 524 1 1 77 0 0 310 1 1 357 0 0 729 0 0
 439 0 1 767 1 1 918 0 1 518 1 0 445 0 0 146 1 0 122 1 0 485 0 0 134 0 0 689 1
 0 793 0 0 368 0 0 686 0 0 941 0 1 768 0 0 200 0 0 31 0 1 987 0 1 986 1 0 45 0
 0 326 0 1 246 1 0 910 1 0 949 0 1 52 1 1 404 1 0 236 1 1 688 0 0 119 1 0 228 1
 1 403 0 0 232 1 1 780 0 1 33 1 1 554 0 1 798 1 0 697 1 0 548 0 1 228 0 0 530 1
 1 823 0 0 993 1 1 431 0 0 611 1 0 916 0 0 315 1 1 713 1 0 143 0 0 855 0 0 713
 0 0 861 0 1 908 0 0 469 1 1 341 0 0 49 0 1 21 1 1 807 0 0 553 1 1 364 1 0 270
 1 0 630 1 1 251 0 0 342 1 0 60 0 0 983 1 0 14 1 0 37 0 1 495 1 0 363 1 0 145 0
 1 186 1 1 767 1 0 719 1 0 772 1 0 370 0 1 622 1 1 243 1 0 419 0 0 828 1 0 328
 0 0 482 1 1 502 1 1 528 0 0 350 1 0 758 1 0 432 0 1 916 1 0 207 0 1 8 0 1 767
 1 0 98 1 0 168 0 0 443 1 0 771 1 0 912 0 1 98 1 0 831 0 1 857 0 0 990 1 1 461
 1 1 413 0 0 425 1 0 979 1 0 778 1 0 826 0 1 24 1 0 480 1 1 153 1 0 241 0 0 503
 1 1 544 1 0 773 0 0 779 1 0 355 1 0 831 0 0 358 1 0 770 1 0 427 1 0 986 1 0
 295 0 0 257 1 1 283 0 1 766 1 0 693 0 0 90 0 1 760 1 0 501 0 0 651 0 1 258 1 1
 147 1 1 232 0 1 213 0 1 831 1 0 961 0 0 329 0 1 716 1 1 402 0 0 0 1 0 46 0 0
 472 0 0 433 1 1 523 0 0 733 1 1 408 1 0 937 0 1 513 1 0 811 1 0 125 0 0 628 1
 0 229 1 0 284 0 0 904 0 1 9 1 1 33 0 0 853 0 1 87 1 0 207 1 1 203 0 1 89 0 0
 452 0 0 441 0 0 644 0 1 345 1 1 472 1 1 882 0 0 538 0 1 91 0 1 480 0 0 330 1 1
 824 0 0 833 0 0 52 1 1 896 1 0 150 1 1 122 0 1 638 1 0 637 1 1 935 0 1 231 1 1
 396 0 0 329 1 1 765 0 1 561 1 1 671 1 1 789 1 0 427 1 1 795 1 1 279 0 0 163 0
 1 179 1 0 597 1 0 452 0 0 497 1 0 64 1 0 489 1 1 498 1 0 536 1 1 503 0 0 210 0
 1 113 0 1 577 0 1 376 1 0 709 0 1 690 0 0 566 0 1 217 1 1 964 0 0 83 0 0 794 0
 0 74 1 0 88 1 0 587 1 1 816 0 1 14 1 0 44 0 1 905 0 0 820 0 1 103 0 1 592 1 0
 535 1 0 376 0 1 132 0 1 649 1 0 768 0 0 505 1 0 565 0 1 24 0 0 529 1 0 222 0 1
 535 0 0 251 1 0 709 1 1 432 1 0 941 0 1 840 1 1 248 0 1 256 0 1 854 1 1 630 0
 1 387 0 1 866 0 1 919 0 0 234 1 1 783 0 0 416 0 0 873 1 0 469 0 0 292 1 0 160
 0 1 46 0 1 233 0 0 579 1 0 335 1 0 936 1 1 391 1 0 185 1 0 294 0 1 602 0 0 925
 0 0 599 1 0 155 1 1 898 1 0 608 1 0 354 1 0 504 0 0 180 0 0 450 1 1 895 1 0
 750 0 1 322 1 0 722 1 1 104 0 0 505 1 1 125 1 1 365 0 1 865 1 1 995 0 0 101 0
 1 189 0 1 826 0 0 667 1 0 406 0 0 79 0 1 465 0 1 542 0 0 267 0 0 223 0 1 878 0
 0 509 1 0 339 1 1 268 0 0 191 0 0 302 0 0 22 0 0 295 1 0 376 1 1 402 1 0 797 1
 1 276 1 1 596 1 1 299 0 1 148 1 1 144 1 1 217 0 1 464 1 0 754 0 1 221 0 0 905
 1 0 137 1 0 172 0 1 770 0 1 430 0 1 910 1 0 717 1 0 590 0 0 644 1 1 590 0 0
 544 0 0 500 1 1 834 0 0 846 1 1 857 0 1 805 1 1 508 0 0 343 0 0 793 0 1 103 0
 1 443 0 1 598 1 0 580 1 0 172 0 0 461 0 1 286 0 0 148 0 1 448 1 1 534 1 1 532
 1 0 671 0 0 436 0 0 358 1 0 735 0 0 363 1 0 301 1 1 768 0 0 761 1 1 740 1 0
 872 1 1 299 0 0 832 0 1 648 0 1 86 0 1 321 1 0 309 1 1 989 1 0 862 0 1 77 0 0
 377 0 0 401 0 0 707 1 1 382 1 1 448 1 1 868 1 1 532 1 0 516 0 0 141 1 0 195 0
 1 653 1 0 337 1 1 852 0 1 503 0 0 26 1 1 736 1 1 358 1 0 59 0 0 305 1 1 956 1
 0 802 0 1 324 0 0 925 1 1 941 0 0 848 1 0 44 0 1 993 1 1 143 1 0 684 1 1 929 1
 0 696 0 1 36 0 1 795 1 1 678 1 1 434 1 0 789 1 1 224 1 0 285 0 1 597 0 0 980 1
 0 688 0 1 332 1 1 222 1 1 984 0 1 2 1 1 649 0 0 625 1 0 372 0 0 801 1 1 741 0
 1 70 0 1 297 1 0 9 1 1 855 0 0 596 0 1 981 1 1 698 1 0 312 1 1 149 1 0 905 1 0
 857 0 1 544 0 1 721 1 0 825 0 1 756 1 1 692 1 1 20 1 0 209 1 0 203 0 0 91 1 0
 61 1 0 305 1 1 394 0 0 96 0 1 544 1 1 498 1 0 883 0 0 272 0 0 454 0 1 465 0 0
 389 0 0 575 1 1 251 0 1 108 1 1 632 0 1 564 1 0 234 0 0 502 0 0 587 1 0 450 1
 1 787 0 1 710 1 1 836 0 0 536 1 0 904 0 0 187 1 0 724 1 1 992 1 0 103 1 0 71 1
 1 998 0 1 208 0 0 855 0 0 530 1 1 836 0 0 297 1 0 900 1 1 775 1 1 257 1 0 185
 0 1 410 1 0 675 1 0 220 1 0 278 1 0 394 1 1 797 1 1 737 0 0 625 0 1 178 1 0
 388 0 1 484 1 1 481 1 0 181 1 1 518 1 0 784 0 1 882 0 0 716 0 1 596 0 1 542 0
 1 764 0 0 733 1 0 847 1 0 837 1 1 878 0 0 768 1 1 219 0 0 483 1 0 253 1 0 969
 0 1 183 1 1 311 0 1 292 0 0 79 0 0 90 1 1 210 0 0 882 0 0 968 1 0 703 1 0 499
 1 0 257 0 0 15 1 0 755 0 1 375 1 0 577 1 1 165 0 1 179 0 0 430 1 1 123 1 0 71
 1 0 620 0 0 114 1 1 804 1 1 311 1 1 791 0 1 151 0 1 60 0 0 506 0 0 634 1 0 779
 0 0 170 0 1 854 0 1 610 0 0 320 1 1 542 1 1 667 0 1 711 1 0 959 1 1 970 1 1
 961 0 1 234 1 0 878 1 0 786 0 0 846 0 0 101 1 1 283 1 0 270 1 1 845 1 1 148 0
 0 648 1 0 113 0 0 316 1 0 975 1 0 405 1 0 15 1 1 341 0 0 167 0 1 85 1 1 723 1
 0 392 1 0 963 1 1 876 1 1 878 1 0 539 0 0 218 1 1 428 1 1 300 1 1 276 0 1 926
 0 0 995 1 0 858 0 1 969 0 1 910 1 0 336 0 1 475 1 0 643 1 1 317 0 0 620 0 1
 428 0 1 140 1 0 897 1 0 619 0 1 455 0 0 501 1 0 38 0 0 957 1 1 938 0 1 139 0 0
 133 1 0 566 0 1 501 1 0 28 1 1 747 0 1 40 0 0 194 0 1 755 1 0 104 0 0 325 0 1
 6 0 1 714 1 1 71 0 1 159 0 1 140 0 1 944 0 0 60 1 1 752 1 1 878 0 0 659 1 0
 757 1 0 450 0 1 831 1 0 320 1 0 702 1 0 828 0 1 789 0 1 379 0 0 458 1 0 25 0 0
 118 1 0 838 0 0 132 0 1 362 0 0 775 1 1 117 0 0 817 1 1 166 0 1 748 0 1 803 1
 1 605 1 1 726 0 0 46 1 0 612 0 1 30 0 0 333 0 0 47 0 0 314 0 0 124 0 0 87 0 0
 711 0 0 725 0 1 320 1 0 624 0 1 539 1 0 731 0 1 728 0 1 181 0 1 645 1 1 408 0
 0 369 0 0 750 1 1 905 0 0 2 0 1 385 1 0 80 0 1 525 1 1 764 1 1 542 0 1 14 1 1
 902 1 0 252 1 1 783 1 0 403 1 0 924 0 0 685 1 0 90 1 1 600 0 1 149 0 0 108 0 1
 905 0 1 925 0 0 18 1 0 499 1 1 385 1 1 430 0 1 736 1 1 967 0 1 362 1 1 815 0 0
 996 0 1 924 1 1 642 0 0 996 0 1 798 1 0 993 0 0 682 1 0 412 1 1 489 0 1 348 0
 0 548 0 0 824 0 0 786 1 1 858 1 1 450 0 0 192 0 0 129 0 0 147 1 1 463 0 0 801
 1 0 810 1 0 805 1 1 534 0 0 598 1 0 184 0 1 694 1 0 384 0 1 155 1 0 976 1 1
 350 1 1 549 1 0 749 1 0 6 0 1 239 0 0 792 1 0 33 1 1 600 0 1 398 1 0 243 1 0
 507 0 1 324 1 1 656 0 1 409 1 0 436 1 1 747 1 1 902 0 0 468 0 0 71 0 1 542 0 1
 497 0 1 721 1 1 656 1 0 347 1 1 188 0 0 709 1 1 603 0 1 124 0 0 922 0 0 213 1
 0 968 1 1 950 0 0 674 0 0 49 0 0 535 1 1 46 1 0 820 1 1 228 0 0 337 0 0 670 0
 0 608 1 1 612 0 1 869 1 0 211 1 0 153 0 0 79 1 0 413 1 1 938 0 1 52 1 1 709 0
 1 755 0 0 774 0 0 462 0 1 615 1 0 349 1 0 430 1 1 689 1 0 747 0 1 729 0 0 458
 0 0 364 1 0 315 1 0 528 0 0 298 0 1 455 0 0 182 1 0 406 0 0 220 0 1 714 1 0
 424 0 0 841 0 1 886 0 0 288 1 0 467 1 0 834 1 1 42 0 1 824 0 0 35 0 1 128 0 0
 821 1 1 405 0 0 176 0 0 324 1 0 466 0 0 301 0 1 201 1 1 559 0 0 956 1 0 264 0
 1 23 0 0 162 0 1 605 0 1 40 0 1 851 1 0 301 1 0 571 0 0 785 0 1 338 1 0 701 0
 0 685 0 1 766 1 0 253 1 0 4 0 1 831 0 1 547 1 0 299 0 1 286 1 0 871 0 0 623 0
 1 100 1 0 414 1 0 722 0 1 741 0 1 7 1 0 257 0 1 136 0 1 790 0 0 982 1 1 328 0
 0 745 0 0 471 1 0 167 1 0 883 1 1 280 0 1 253 1 0 763 1 1 231 0 0 682 0 1 613
 0 0 334 1 0 753 0 0 722 0 1 471 0 0 500 1 1 664 1 1 565 0 1 516 1 0 217 1 1
 430 1 0 939 1 1 734 0 1 634 0 0 785 0 1 74 1 1 236 1 0 767 0 0 139 0 0 597 0 1
 301 0 1 22 1 0 177 1 1 160 1 1 937 0 0 220 1 0 873 1 0 372 1 1 654 0 0 168 0 1
 266 0 1 443 1 1 57 0 1 972 1 0 351 0 0 676 0 0 346 1 0 838 0 1 567 1 0 889 1 0
 802 0 1 215 1 1 947 0 1 793 0 1 114 0 1 477 0 0 931 0 1 341 1 0 857 0 1 159 1
 0 678 1 1 139 1 0 94 1 1 134 0 1 647 1 0 360 1 1 698 0 0 724 0 0 892 1 0 202 1
 0 245 1 0 452 0 0 94 1 1 890 0 1 287 0 1 685 0 0 321 0 0 373 0 1 576 1 0 522 1
 0 190 0 1 553 1 0 812 0 1 588 1 0 278 1 1 12 0 0 125 1 1 700 1 1 705 0 0 318 0
 0 145 1 1 502 0 1 642 0 0 170 1 1 94 1 0 527 1 1 247 0 0 258 0 1 200 0 1 134 1
 1 828 1 1 154 1 0 240 1 0 102 1 1 2 1 0 622 1 0 835 0 0 986 0 1 581 0 1 593 1
 1 515 1 0 127 1 1 318 1 0 421 0 1 795 1 0 286 1 1 58 1 1 60 0 1 871 1 1 73 1 1
 976 0 1 83 0 1 196 1 1 534 1 0 473 1 0 187 0 1 221 1 1 928 1 0 968 1 0 940 0 0
 150 1 1 51 1 1 852 1 1 182 0 1 382 1 1 428 0 0 297 0 1 655 0 0 614 0 1 312 0 1
 981 1 1 133 1 1 297 0 0 574 1 1 615 1 1 902 0 1 585 1 0 975 0 1 411 1 1 575 1
 0 873 1 0 895 1 1 704 0 1 538 1 0 852 0 1 109 0 0 824 0 0 689 1 0 306 1 1 594
 1 0 637 0 1 891 1 0 292 1 0 616 0 1 30 0 0 148 1 1 171 0 1 888 0 0 115 1 1 214
 0 1 40 0 0 416 0 1 122 1 0 908 1 1 329 0 0 737 1 1 493 0 1 482 1 0 372 0 1 932
 1 0 931 0 1 891 0 1 279 1 0 390 0 1 505 0 0 193 1 1 517 1 0 738 1 0 844 1 0
 945 1 0 48 1 1 430 1 1 748 0 1 174 1 1 295 0 0 331 1 1 718 0 1 189 0 0 488 1 0
 939 0 0 522 1 0 548 0 1 561 1 0 627 1 1 619 0 0 590 0 0 611 1 1 785 0 1 389 0
 1 346 1 0 800 1 1 745 0 1 873 1 0 725 0 1 929 0 0 649 1 1 184 0 0 446 0 1 246
 0 0 453 1 0 5 1 0 123 1 1 707 1 1 930 0 0 636 0 1 808 1 0 163 0 0 914 1 0 664
 1 0 430 0 0 809 1 0 20 1 1 133 1 0 943 0 1 916 1 1 832 0 1 721 0 0 249 1 1 187
 0 0 764 1 1 338 1 1 829 0 0 227 1 0 994 1 1 77 0 0 842 0 1 231 1 1 569 1 0 275
 1 1 659 1 0 955 0 1 678 1 1 789 1 0 527 0 0 400 0 0 804 0 0 422 0 1 666 0 0
 176 1 1 95 1 1 201 1 1 247 0 1 377 0 1 826 1 0 827 1 1 696 0 0 238 1 0 476 1 1
 201 1 0 339 1 0 791 1 1 142 1 0 869 0 1 663 1 1 321 1 0 519 0 0 850 0 0 662 0
 0 638 0 1 978 1 0 956 0 1 174 1 0 728 1 0 891 1 0 339 1 0 55 0 0 748 0 1 920 1
 0 966 1 0 295 1 0 83 0 0 229 1 0 67 1 0 642 0 1 422 0 1 881 1 1 965 1 1 540 1
 0 849 0 0 309 1 0 699 0 1 111 1 1 39 0 0 777 0 0 3 0 1 119 0 0 323 0 0 11 1 0
 607 0 0 971 0 0 424 1 0 495 1 1 281 1 1 659 0 1 860 1 1 907 0 1 69 1 1 834 0 0
 482 0 0 550 1 0 710 1 0 451 1 0 82 1 1 938 0 1 559 0 0 317 0 1 295 0 0 450 1 1
 214 0 0 887 0 0 264 1 0 779 0 0 276 0 1 828 1 1 849 0 0 514 1 0 428 0 1 529 0
 0 160 0 1 937 0 1 248 0 1 692 1 0 367 1 0 297 0 0 990 0 1 510 1 0 118 0 0 539
 0 1 624 1 0 5 1 0 811 0 1 540 0 1 280 1 0 192 0 1 162 1 0 658 0 0 346 0 1 726
 1 0 629 1 0 448 0 1 835 0 1 779 1 0 965 0 1 872 0 1 107 0 0 779 1 1 96 0 0 580
 0 0 634 1 0 77 1 0 997 1 1 993 0 1 746 1 0 10 1 1 809 0 0 483 0 1 115 0 1 822
 0 0 649 1 1 76 1 1 567 1 1 535 0 1 681 1 1 179 1 1 312 0 0 650 1 1 360 0 1 330
 0 1 638 0 0 824 1 0 999 0 0 793 0 1 192 0 0 798 0 1 909 0 0 112 0 0 19 1 0 769
 0 1 45 0 1 692 0 1 653 1 1 465 0 0 915 1 0 433 0 1 208 0 1 140 0 0 529 0 0 254
 1 0 615 1 1 984 1 0 942 1 0 691 0 1 619 0 1 329 1 0 457 0 1 868 1 1 448 1 1
 501 1 0 580 1 0 145 0 0 291 1 0 310 1 0 536 1 1 126 0 0 392 0 1 564 1 1 626 1
 0 141 0 0 23 0 0 121 0 1 628 0 0 68 0 0 203 1 1 950 0 1 474 1 1 510 0 1 825 1
 0 445 0 0 894 0 0 628 1 0 308 1 1 442 0 1 129 1 1 402 0 0 542 1 0 112 0 0 321
 1 0 568 1 1 770 1 0 199 1 0 837 1 1 133 0 1 925 0 0 456 0 0 141 1 1 431 0 0
 405 1 0 555 1 1 856 1 1 662 1 0 260 0 1 735 1 0 219 1 0 516 1 0 598 1 0 593 1
 1 861 1 1 66 0 0 159 0 1 951 1 0 55 0 1 392 1 1 373 1 0 102 1 1 344 1 0 932 0
 1 371 0 0 421 0 1 361 0 1 585 0 1 893 0 0 178 1 0 240 1 0 440 1 1 598 0 0 612)
States: 1000

State   Read    Write   Move    Next-State
1       0       1       1       248
1       1       0       0       895
2       0       1       0       74
2       1       1       0       482
3       0       0       1       224
3       1       1       1       906
4       0       0       1       97
4       1       0       0       828
5       0       0       0       720
5       1       1       1       94
6       0       0       0       278
6       1       0       0       391
7       0       1       0       122
7       1       1       0       711
8       0       1       0       400
8       1       0       0       269
9       0       1       0       659
9       1       0       1       544
10      0       1       0       128
10      1       1       1       805
11      0       0       1       642
11      1       0       0       474
12      0       1       1       317
12      1       1       0       381
13      0       1       0       661
13      1       0       0       768
14      0       1       1       887
14      1       1       1       463
15      0       1       1       852
15      1       0       1       651
16      0       0       1       75
16      1       0       0       355
17      0       0       0       632
17      1       1       0       785
18      0       0       0       964
18      1       0       1       851
19      0       0       1       741
19      1       0       0       367
20      0       1       1       968
20      1       1       1       936
21      0       0       1       100
21      1       1       0       833
22      0       1       1       252
22      1       1       1       106
23      0       0       1       28
23      1       1       0       58
24      0       1       0       195
24      1       0       0       313
25      0       0       0       216
25      1       1       1       923
26      0       1       0       190
26      1       1       1       804
27      0       1       1       872
27      1       0       0       559
28      0       1       0       316
28      1       0       0       297
29      0       1       0       485
29      1       1       0       26
30      0       1       0       158
30      1       1       1       322
31      0       0       0       795
31      1       0       1       773
32      0       1       1       375
32      1       1       0       691
33      0       1       0       594
33      1       1       1       831
34      0       1       1       914
34      1       1       0       985
35      0       0       0       479
35      1       1       1       886
36      0       1       1       589
36      1       1       1       216
37      0       0       1       924
37      1       0       0       522
38      0       1       0       265
38      1       0       1       593
39      0       0       1       387
39      1       1       0       124
40      0       0       1       157
40      1       1       0       622
41      0       1       1       773
41      1       0       0       882
42      0       0       1       772
42      1       0       1       973
43      0       1       0       374
43      1       1       0       666
44      0       0       1       323
44      1       0       0       200
45      0       1       0       552
45      1       0       0       219
46      0       1       1       45
46      1       0       1       391
47      0       0       0       355
47      1       1       0       926
48      0       0       1       307
48      1       1       0       272
49      0       1       1       883
49      1       0       1       585
50      0       0       0       718
50      1       0       1       299
51      0       1       0       157
51      1       0       0       404
52      0       0       1       458
52      1       0       1       576
53      0       1       1       605
53      1       0       1       373
54      0       0       1       317
54      1       0       1       383
55      0       0       0       184
55      1       1       1       163
56      0       1       1       574
56      1       0       0       164
57      0       1       0       491
57      1       1       0       124
58      0       0       1       289
58      1       1       0       249
59      0       1       0       680
59      1       1       0       17
60      0       0       1       863
60      1       0       1       391
61      0       0       0       891
61      1       1       0       796
62      0       0       0       768
62      1       1       0       913
63      0       0       0       838
63      1       0       1       71
64      0       0       0       689
64      1       1       1       648
65      0       0       0       402
65      1       1       1       186
66      0       0       1       636
66      1       0       1       669
67      0       1       1       729
67      1       1       1       466
68      0       0       0       490
68      1       1       0       3
69      0       0       1       817
69      1       0       0       533
70      0       0       0       65
70      1       0       0       471
71      0       0       0       598
71      1       0       0       720
72      0       0       0       567
72      1       0       0       223
73      0       0       1       569
73      1       1       0       554
74      0       0       1       933
74      1       1       0       887
75      0       0       1       665
75      1       0       1       739
76      0       0       1       503
76      1       1       1       119
77      0       0       0       221
77      1       0       0       703
78      0       1       1       482
78      1       0       0       575
79      0       0       1       591
79      1       1       0       714
80      0       0       1       865
80      1       1       1       38
81      0       1       1       280
81      1       0       1       617
82      0       1       1       23
82      1       1       0       729
83      0       1       1       401
83      1       1       0       97
84      0       1       0       175
84      1       0       0       123
85      0       1       0       501
85      1       1       1       74
86      0       0       1       581
86      1       0       0       800
87      0       0       1       469
87      1       0       1       346
88      0       0       0       849
88      1       1       0       84
89      0       1       1       541
89      1       1       1       384
90      0       0       1       502
90      1       1       1       737
91      0       0       1       359
91      1       1       1       718
92      0       0       0       193
92      1       0       1       542
93      0       1       1       93
93      1       0       0       52
94      0       0       1       465
94      1       1       0       763
95      0       0       0       844
95      1       1       0       73
96      0       1       1       294
96      1       0       1       123
97      0       0       0       559
97      1       0       0       247
98      0       0       0       946
98      1       1       1       658
99      0       1       1       339
99      1       0       0       168
100     0       0       0       734
100     1       0       0       190
101     0       1       1       119
101     1       0       0       955
102     0       1       0       81
102     1       1       0       124
103     0       1       1       460
103     1       0       0       687
104     0       1       0       935
104     1       0       1       446
105     0       1       0       765
105     1       0       1       513
106     0       1       0       829
106     1       1       1       283
107     0       1       1       913
107     1       1       0       667
108     0       1       0       872
108     1       0       1       763
109     0       0       0       893
109     1       1       0       870
110     0       1       1       235
110     1       0       1       80
111     0       1       0       480
111     1       1       0       521
112     0       0       1       138
112     1       1       1       631
113     0       0       1       367
113     1       1       0       935
114     0       1       1       889
114     1       1       1       622
115     0       0       0       688
115     1       0       0       287
116     0       0       1       679
116     1       0       1       439
117     0       0       1       914
117     1       1       1       558
118     0       1       0       387
118     1       1       1       79
119     0       0       0       577
119     1       1       1       841
120     0       0       1       788
120     1       0       0       277
121     0       0       0       808
121     1       1       0       453
122     0       1       1       747
122     1       0       0       522
123     0       0       0       750
123     1       0       0       849
124     0       1       1       351
124     1       1       0       119
125     0       1       1       411
125     1       0       0       563
126     0       0       0       88
126     1       0       0       134
127     0       1       1       408
127     1       0       1       240
128     0       1       0       990
128     1       1       0       162
129     0       0       0       288
129     1       1       0       75
130     0       1       1       288
130     1       0       1       288
131     0       1       1       268
131     1       0       1       747
132     0       0       0       914
132     1       0       0       988
133     0       0       1       470
133     1       1       0       789
134     0       1       0       123
134     1       1       1       861
135     0       1       0       519
135     1       0       1       228
136     0       0       0       652
136     1       0       0       494
137     0       1       0       3
137     1       1       0       16
138     0       0       0       516
138     1       0       1       722
139     0       0       0       792
139     1       1       0       149
140     0       0       0       804
140     1       0       1       181
141     0       1       0       430
141     1       0       0       822
142     0       0       1       274
142     1       0       0       783
143     0       1       0       859
143     1       1       0       761
144     0       1       0       991
144     1       1       1       225
145     0       0       0       695
145     1       0       1       995
146     0       0       1       87
146     1       1       0       155
147     0       1       0       272
147     1       0       1       817
148     0       0       0       466
148     1       1       0       111
149     0       0       0       625
149     1       1       1       258
150     0       0       1       402
150     1       0       0       90
151     0       1       0       405
151     1       0       1       712
152     0       1       0       426
152     1       1       1       635
153     0       0       1       426
153     1       0       0       396
154     0       0       1       732
154     1       1       0       7
155     0       0       0       280
155     1       0       1       674
156     0       0       1       267
156     1       1       1       153
157     0       0       1       419
157     1       0       1       664
158     0       0       1       199
158     1       0       0       578
159     0       1       1       671
159     1       1       1       797
160     0       0       0       929
160     1       1       0       648
161     0       1       0       727
161     1       0       1       318
162     0       1       0       58
162     1       1       0       609
163     0       1       0       496
163     1       0       1       197
164     0       0       1       854
164     1       0       0       975
165     0       1       0       615
165     1       0       0       144
166     0       1       0       124
166     1       0       0       446
167     0       0       1       370
167     1       0       0       729
168     0       1       1       246
168     1       0       0       466
169     0       1       1       582
169     1       0       1       544
170     0       0       1       183
170     1       1       1       334
171     0       1       1       889
171     1       0       0       331
172     0       1       0       276
172     1       0       1       861
173     0       0       0       864
173     1       0       0       131
174     0       0       0       217
174     1       0       0       160
175     0       0       0       61
175     1       0       0       878
176     0       0       0       578
176     1       0       1       145
177     0       1       0       10
177     1       0       1       976
178     0       1       0       449
178     1       0       1       611
179     0       0       1       334
179     1       0       1       200
180     0       1       1       994
180     1       0       0       313
181     0       0       0       21
181     1       1       1       370
182     0       0       0       451
182     1       0       1       506
183     0       1       0       17
183     1       0       1       820
184     0       1       1       439
184     1       1       1       209
185     0       0       1       895
185     1       1       1       822
186     0       1       0       0
186     1       1       1       135
187     0       1       0       293
187     1       1       0       705
188     0       0       0       194
188     1       1       0       388
189     0       1       1       884
189     1       0       1       954
190     0       0       0       630
190     1       0       1       675
191     0       0       1       268
191     1       0       0       214
192     0       1       0       471
192     1       1       1       365
193     0       1       1       233
193     1       0       1       854
194     0       1       1       430
194     1       0       1       65
195     0       1       1       456
195     1       0       0       831
196     0       0       1       150
196     1       1       1       66
197     0       0       0       463
197     1       0       1       156
198     0       1       0       731
198     1       0       0       964
199     0       1       0       693
199     1       1       1       172
200     0       0       1       995
200     1       0       0       208
201     0       0       0       213
201     1       0       0       15
202     0       1       1       951
202     1       1       1       882
203     0       0       0       32
203     1       0       0       868
204     0       0       0       76
204     1       1       1       118
205     0       0       0       237
205     1       1       0       573
206     0       1       0       61
206     1       1       1       404
207     0       0       0       702
207     1       1       0       965
208     0       0       1       931
208     1       1       0       309
209     0       0       1       736
209     1       1       0       481
210     0       1       1       164
210     1       1       1       213
211     0       1       0       395
211     1       1       0       787
212     0       0       1       443
212     1       0       0       40
213     0       1       0       459
213     1       1       1       530
214     0       0       1       733
214     1       1       0       609
215     0       1       0       160
215     1       0       1       175
216     0       1       1       713
216     1       0       1       493
217     0       1       0       389
217     1       1       1       843
218     0       1       1       647
218     1       0       0       204
219     0       0       0       831
219     1       0       1       629
220     0       0       1       204
220     1       0       1       384
221     0       1       1       971
221     1       1       0       221
222     0       1       1       841
222     1       0       0       517
223     0       1       1       796
223     1       0       1       229
224     0       0       0       997
224     1       0       0       607
225     0       1       0       768
225     1       1       1       257
226     0       0       0       566
226     1       0       0       882
227     0       0       0       436
227     1       1       1       639
228     0       1       0       303
228     1       1       1       190
229     0       0       0       517
229     1       0       0       388
230     0       0       0       350
230     1       1       1       589
231     0       0       1       624
231     1       1       0       535
232     0       1       0       890
232     1       0       0       534
233     0       1       0       361
233     1       1       1       614
234     0       0       1       26
234     1       1       1       846
235     0       0       1       895
235     1       0       0       615
236     0       0       0       245
236     1       0       1       977
237     0       1       0       119
237     1       1       0       983
238     0       1       1       953
238     1       1       0       922
239     0       0       1       647
239     1       0       0       261
240     0       0       0       851
240     1       1       0       157
241     0       1       0       927
241     1       0       0       813
242     0       0       1       815
242     1       0       0       338
243     0       1       0       198
243     1       0       0       380
244     0       0       1       693
244     1       1       0       631
245     0       0       0       567
245     1       0       1       73
246     0       0       0       22
246     1       1       0       751
247     0       1       0       13
247     1       1       1       112
248     0       0       1       176
248     1       0       0       999
249     0       0       1       75
249     1       0       0       544
250     0       1       1       557
250     1       0       0       778
251     0       0       0       671
251     1       1       0       72
252     0       0       0       592
252     1       0       1       535
253     0       1       1       789
253     1       0       0       951
254     0       1       0       864
254     1       0       1       720
255     0       0       0       869
255     1       0       1       881
256     0       1       1       831
256     1       0       0       89
257     0       0       0       536
257     1       0       0       263
258     0       1       1       72
258     1       0       1       15
259     0       1       0       575
259     1       1       1       173
260     0       0       1       8
260     1       0       1       391
261     0       1       0       1
261     1       0       0       124
262     0       1       0       877
262     1       0       1       789
263     0       0       0       906
263     1       0       1       719
264     0       1       0       466
264     1       1       1       335
265     0       0       1       153
265     1       0       1       603
266     0       1       0       697
266     1       0       1       129
267     0       1       1       600
267     1       0       0       259
268     0       1       0       642
268     1       0       1       160
269     0       0       0       625
269     1       1       0       793
270     0       0       0       810
270     1       0       1       351
271     0       0       1       479
271     1       1       1       56
272     0       1       1       563
272     1       1       1       952
273     0       1       1       373
273     1       0       1       16
274     0       1       1       507
274     1       0       1       793
275     0       0       1       417
275     1       1       0       124
276     0       0       0       751
276     1       0       0       765
277     0       0       1       243
277     1       0       0       233
278     0       0       0       851
278     1       0       1       28
279     0       0       0       714
279     1       0       0       926
280     0       1       0       208
280     1       0       0       616
281     0       0       1       93
281     1       0       1       216
282     0       0       1       334
282     1       0       0       279
283     0       1       0       64
283     1       1       1       495
284     0       0       0       787
284     1       1       0       604
285     0       0       0       125
285     1       0       1       720
286     0       0       1       543
286     1       1       0       327
287     0       1       1       119
287     1       1       1       263
288     0       1       1       891
288     1       1       1       183
289     0       1       1       352
289     1       0       1       328
290     0       1       1       548
290     1       1       1       3
291     0       0       1       691
291     1       0       1       845
292     0       1       1       832
292     1       1       0       53
293     0       0       1       726
293     1       1       0       522
294     0       0       1       976
294     1       0       0       316
295     0       1       1       650
295     1       1       1       52
296     0       1       1       159
296     1       0       0       928
297     0       1       1       358
297     1       1       0       405
298     0       0       0       751
298     1       1       0       522
299     0       1       0       338
299     1       0       1       84
300     0       0       0       694
300     1       0       0       381
301     0       0       1       911
301     1       0       1       250
302     0       1       0       969
302     1       0       0       938
303     0       1       0       343
303     1       0       1       999
304     0       0       0       36
304     1       0       1       856
305     0       0       0       298
305     1       0       1       801
306     0       0       0       736
306     1       1       0       554
307     0       0       1       515
307     1       0       0       615
308     0       1       0       506
308     1       0       1       983
309     0       0       1       408
309     1       1       1       188
310     0       0       0       765
310     1       1       0       832
311     0       0       1       69
311     1       1       0       890
312     0       0       1       235
312     1       0       0       482
313     0       1       1       958
313     1       1       0       758
314     0       0       0       903
314     1       0       0       145
315     0       1       1       69
315     1       1       0       882
316     0       1       0       14
316     1       0       1       825
317     0       1       1       888
317     1       0       1       682
318     0       1       1       287
318     1       1       1       737
319     0       1       1       639
319     1       1       1       33
320     0       1       1       235
320     1       0       0       115
321     0       1       1       308
321     1       0       1       829
322     0       0       1       264
322     1       1       0       929
323     0       1       0       158
323     1       1       1       729
324     0       0       1       241
324     1       1       0       788
325     0       1       0       810
325     1       0       0       29
326     0       1       0       845
326     1       1       1       633
327     0       1       1       573
327     1       0       0       597
328     0       0       0       161
328     1       0       0       348
329     0       1       1       869
329     1       0       1       952
330     0       1       0       853
330     1       0       1       208
331     0       0       0       779
331     1       1       0       302
332     0       1       1       547
332     1       1       1       163
333     0       1       1       409
333     1       0       0       17
334     0       1       1       821
334     1       1       0       64
335     0       1       0       31
335     1       1       1       279
336     0       1       0       30
336     1       1       1       863
337     0       1       1       678
337     1       1       0       170
338     0       1       0       836
338     1       1       0       444
339     0       1       0       908
339     1       1       1       22
340     0       1       1       362
340     1       1       0       696
341     0       0       0       306
341     1       1       1       535
342     0       0       1       136
342     1       1       0       218
343     0       0       0       192
343     1       0       0       437
344     0       0       1       4
344     1       1       0       934
345     0       0       1       305
345     1       0       0       524
346     0       1       1       77
346     1       0       0       310
347     0       1       1       357
347     1       0       0       729
348     0       0       0       439
348     1       0       1       767
349     0       1       1       918
349     1       0       1       518
350     0       1       0       445
350     1       0       0       146
351     0       1       0       122
351     1       1       0       485
352     0       0       0       134
352     1       0       0       689
353     0       1       0       793
353     1       0       0       368
354     0       0       0       686
354     1       0       0       941
355     0       0       1       768
355     1       0       0       200
356     0       0       0       31
356     1       0       1       987
357     0       0       1       986
357     1       1       0       45
358     0       0       0       326
358     1       0       1       246
359     0       1       0       910
359     1       1       0       949
360     0       0       1       52
360     1       1       1       404
361     0       1       0       236
361     1       1       1       688
362     0       0       0       119
362     1       1       0       228
363     0       1       1       403
363     1       0       0       232
364     0       1       1       780
364     1       0       1       33
365     0       1       1       554
365     1       0       1       798
366     0       1       0       697
366     1       1       0       548
367     0       0       1       228
367     1       0       0       530
368     0       1       1       823
368     1       0       0       993
369     0       1       1       431
369     1       0       0       611
370     0       1       0       916
370     1       0       0       315
371     0       1       1       713
371     1       1       0       143
372     0       0       0       855
372     1       0       0       713
373     0       0       0       861
373     1       0       1       908
374     0       0       0       469
374     1       1       1       341
375     0       0       0       49
375     1       0       1       21
376     0       1       1       807
376     1       0       0       553
377     0       1       1       364
377     1       1       0       270
378     0       1       0       630
378     1       1       1       251
379     0       0       0       342
379     1       1       0       60
380     0       0       0       983
380     1       1       0       14
381     0       1       0       37
381     1       0       1       495
382     0       1       0       363
382     1       1       0       145
383     0       0       1       186
383     1       1       1       767
384     0       1       0       719
384     1       1       0       772
385     0       1       0       370
385     1       0       1       622
386     0       1       1       243
386     1       1       0       419
387     0       0       0       828
387     1       1       0       328
388     0       0       0       482
388     1       1       1       502
389     0       1       1       528
389     1       0       0       350
390     0       1       0       758
390     1       1       0       432
391     0       0       1       916
391     1       1       0       207
392     0       0       1       8
392     1       0       1       767
393     0       1       0       98
393     1       1       0       168
394     0       0       0       443
394     1       1       0       771
395     0       1       0       912
395     1       0       1       98
396     0       1       0       831
396     1       0       1       857
397     0       0       0       990
397     1       1       1       461
398     0       1       1       413
398     1       0       0       425
399     0       1       0       979
399     1       1       0       778
400     0       1       0       826
400     1       0       1       24
401     0       1       0       480
401     1       1       1       153
402     0       1       0       241
402     1       0       0       503
403     0       1       1       544
403     1       1       0       773
404     0       0       0       779
404     1       1       0       355
405     0       1       0       831
405     1       0       0       358
406     0       1       0       770
406     1       1       0       427
407     0       1       0       986
407     1       1       0       295
408     0       0       0       257
408     1       1       1       283
409     0       0       1       766
409     1       1       0       693
410     0       0       0       90
410     1       0       1       760
411     0       1       0       501
411     1       0       0       651
412     0       0       1       258
412     1       1       1       147
413     0       1       1       232
413     1       0       1       213
414     0       0       1       831
414     1       1       0       961
415     0       0       0       329
415     1       0       1       716
416     0       1       1       402
416     1       0       0       0
417     0       1       0       46
417     1       0       0       472
418     0       0       0       433
418     1       1       1       523
419     0       0       0       733
419     1       1       1       408
420     0       1       0       937
420     1       0       1       513
421     0       1       0       811
421     1       1       0       125
422     0       0       0       628
422     1       1       0       229
423     0       1       0       284
423     1       0       0       904
424     0       0       1       9
424     1       1       1       33
425     0       0       0       853
425     1       0       1       87
426     0       1       0       207
426     1       1       1       203
427     0       0       1       89
427     1       0       0       452
428     0       0       0       441
428     1       0       0       644
429     0       0       1       345
429     1       1       1       472
430     0       1       1       882
430     1       0       0       538
431     0       0       1       91
431     1       0       1       480
432     0       0       0       330
432     1       1       1       824
433     0       0       0       833
433     1       0       0       52
434     0       1       1       896
434     1       1       0       150
435     0       1       1       122
435     1       0       1       638
436     0       1       0       637
436     1       1       1       935
437     0       0       1       231
437     1       1       1       396
438     0       0       0       329
438     1       1       1       765
439     0       0       1       561
439     1       1       1       671
440     0       1       1       789
440     1       1       0       427
441     0       1       1       795
441     1       1       1       279
442     0       0       0       163
442     1       0       1       179
443     0       1       0       597
443     1       1       0       452
444     0       0       0       497
444     1       1       0       64
445     0       1       0       489
445     1       1       1       498
446     0       1       0       536
446     1       1       1       503
447     0       0       0       210
447     1       0       1       113
448     0       0       1       577
448     1       0       1       376
449     0       1       0       709
449     1       0       1       690
450     0       0       0       566
450     1       0       1       217
451     0       1       1       964
451     1       0       0       83
452     0       0       0       794
452     1       0       0       74
453     0       1       0       88
453     1       1       0       587
454     0       1       1       816
454     1       0       1       14
455     0       1       0       44
455     1       0       1       905
456     0       0       0       820
456     1       0       1       103
457     0       0       1       592
457     1       1       0       535
458     0       1       0       376
458     1       0       1       132
459     0       0       1       649
459     1       1       0       768
460     0       0       0       505
460     1       1       0       565
461     0       0       1       24
461     1       0       0       529
462     0       1       0       222
462     1       0       1       535
463     0       0       0       251
463     1       1       0       709
464     0       1       1       432
464     1       1       0       941
465     0       0       1       840
465     1       1       1       248
466     0       0       1       256
466     1       0       1       854
467     0       1       1       630
467     1       0       1       387
468     0       0       1       866
468     1       0       1       919
469     0       0       0       234
469     1       1       1       783
470     0       0       0       416
470     1       0       0       873
471     0       1       0       469
471     1       0       0       292
472     0       1       0       160
472     1       0       1       46
473     0       0       1       233
473     1       0       0       579
474     0       1       0       335
474     1       1       0       936
475     0       1       1       391
475     1       1       0       185
476     0       1       0       294
476     1       0       1       602
477     0       0       0       925
477     1       0       0       599
478     0       1       0       155
478     1       1       1       898
479     0       1       0       608
479     1       1       0       354
480     0       1       0       504
480     1       0       0       180
481     0       0       0       450
481     1       1       1       895
482     0       1       0       750
482     1       0       1       322
483     0       1       0       722
483     1       1       1       104
484     0       0       0       505
484     1       1       1       125
485     0       1       1       365
485     1       0       1       865
486     0       1       1       995
486     1       0       0       101
487     0       0       1       189
487     1       0       1       826
488     0       0       0       667
488     1       1       0       406
489     0       0       0       79
489     1       0       1       465
490     0       0       1       542
490     1       0       0       267
491     0       0       0       223
491     1       0       1       878
492     0       0       0       509
492     1       1       0       339
493     0       1       1       268
493     1       0       0       191
494     0       0       0       302
494     1       0       0       22
495     0       0       0       295
495     1       1       0       376
496     0       1       1       402
496     1       1       0       797
497     0       1       1       276
497     1       1       1       596
498     0       1       1       299
498     1       0       1       148
499     0       1       1       144
499     1       1       1       217
500     0       0       1       464
500     1       1       0       754
501     0       0       1       221
501     1       0       0       905
502     0       1       0       137
502     1       1       0       172
503     0       0       1       770
503     1       0       1       430
504     0       0       1       910
504     1       1       0       717
505     0       1       0       590
505     1       0       0       644
506     0       1       1       590
506     1       0       0       544
507     0       0       0       500
507     1       1       1       834
508     0       0       0       846
508     1       1       1       857
509     0       0       1       805
509     1       1       1       508
510     0       0       0       343
510     1       0       0       793
511     0       0       1       103
511     1       0       1       443
512     0       0       1       598
512     1       1       0       580
513     0       1       0       172
513     1       0       0       461
514     0       0       1       286
514     1       0       0       148
515     0       0       1       448
515     1       1       1       534
516     0       1       1       532
516     1       1       0       671
517     0       0       0       436
517     1       0       0       358
518     0       1       0       735
518     1       0       0       363
519     0       1       0       301
519     1       1       1       768
520     0       0       0       761
520     1       1       1       740
521     0       1       0       872
521     1       1       1       299
522     0       0       0       832
522     1       0       1       648
523     0       0       1       86
523     1       0       1       321
524     0       1       0       309
524     1       1       1       989
525     0       1       0       862
525     1       0       1       77
526     0       0       0       377
526     1       0       0       401
527     0       0       0       707
527     1       1       1       382
528     0       1       1       448
528     1       1       1       868
529     0       1       1       532
529     1       1       0       516
530     0       0       0       141
530     1       1       0       195
531     0       0       1       653
531     1       1       0       337
532     0       1       1       852
532     1       0       1       503
533     0       0       0       26
533     1       1       1       736
534     0       1       1       358
534     1       1       0       59
535     0       0       0       305
535     1       1       1       956
536     0       1       0       802
536     1       0       1       324
537     0       0       0       925
537     1       1       1       941
538     0       0       0       848
538     1       1       0       44
539     0       0       1       993
539     1       1       1       143
540     0       1       0       684
540     1       1       1       929
541     0       1       0       696
541     1       0       1       36
542     0       0       1       795
542     1       1       1       678
543     0       1       1       434
543     1       1       0       789
544     0       1       1       224
544     1       1       0       285
545     0       0       1       597
545     1       0       0       980
546     0       1       0       688
546     1       0       1       332
547     0       1       1       222
547     1       1       1       984
548     0       0       1       2
548     1       1       1       649
549     0       0       0       625
549     1       1       0       372
550     0       0       0       801
550     1       1       1       741
551     0       0       1       70
551     1       0       1       297
552     0       1       0       9
552     1       1       1       855
553     0       0       0       596
553     1       0       1       981
554     0       1       1       698
554     1       1       0       312
555     0       1       1       149
555     1       1       0       905
556     0       1       0       857
556     1       0       1       544
557     0       0       1       721
557     1       1       0       825
558     0       0       1       756
558     1       1       1       692
559     0       1       1       20
559     1       1       0       209
560     0       1       0       203
560     1       0       0       91
561     0       1       0       61
561     1       1       0       305
562     0       1       1       394
562     1       0       0       96
563     0       0       1       544
563     1       1       1       498
564     0       1       0       883
564     1       0       0       272
565     0       0       0       454
565     1       0       1       465
566     0       0       0       389
566     1       0       0       575
567     0       1       1       251
567     1       0       1       108
568     0       1       1       632
568     1       0       1       564
569     0       1       0       234
569     1       0       0       502
570     0       0       0       587
570     1       1       0       450
571     0       1       1       787
571     1       0       1       710
572     0       1       1       836
572     1       0       0       536
573     0       1       0       904
573     1       0       0       187
574     0       1       0       724
574     1       1       1       992
575     0       1       0       103
575     1       1       0       71
576     0       1       1       998
576     1       0       1       208
577     0       0       0       855
577     1       0       0       530
578     0       1       1       836
578     1       0       0       297
579     0       1       0       900
579     1       1       1       775
580     0       1       1       257
580     1       1       0       185
581     0       0       1       410
581     1       1       0       675
582     0       1       0       220
582     1       1       0       278
583     0       1       0       394
583     1       1       1       797
584     0       1       1       737
584     1       0       0       625
585     0       0       1       178
585     1       1       0       388
586     0       0       1       484
586     1       1       1       481
587     0       1       0       181
587     1       1       1       518
588     0       1       0       784
588     1       0       1       882
589     0       0       0       716
589     1       0       1       596
590     0       0       1       542
590     1       0       1       764
591     0       0       0       733
591     1       1       0       847
592     0       1       0       837
592     1       1       1       878
593     0       0       0       768
593     1       1       1       219
594     0       0       0       483
594     1       1       0       253
595     0       1       0       969
595     1       0       1       183
596     0       1       1       311
596     1       0       1       292
597     0       0       0       79
597     1       0       0       90
598     0       1       1       210
598     1       0       0       882
599     0       0       0       968
599     1       1       0       703
600     0       1       0       499
600     1       1       0       257
601     0       0       0       15
601     1       1       0       755
602     0       0       1       375
602     1       1       0       577
603     0       1       1       165
603     1       0       1       179
604     0       0       0       430
604     1       1       1       123
605     0       1       0       71
605     1       1       0       620
606     0       0       0       114
606     1       1       1       804
607     0       1       1       311
607     1       1       1       791
608     0       0       1       151
608     1       0       1       60
609     0       0       0       506
609     1       0       0       634
610     0       1       0       779
610     1       0       0       170
611     0       0       1       854
611     1       0       1       610
612     0       0       0       320
612     1       1       1       542
613     0       1       1       667
613     1       0       1       711
614     0       1       0       959
614     1       1       1       970
615     0       1       1       961
615     1       0       1       234
616     0       1       0       878
616     1       1       0       786
617     0       0       0       846
617     1       0       0       101
618     0       1       1       283
618     1       1       0       270
619     0       1       1       845
619     1       1       1       148
620     0       0       0       648
620     1       1       0       113
621     0       0       0       316
621     1       1       0       975
622     0       1       0       405
622     1       1       0       15
623     0       1       1       341
623     1       0       0       167
624     0       0       1       85
624     1       1       1       723
625     0       1       0       392
625     1       1       0       963
626     0       1       1       876
626     1       1       1       878
627     0       1       0       539
627     1       0       0       218
628     0       1       1       428
628     1       1       1       300
629     0       1       1       276
629     1       0       1       926
630     0       0       0       995
630     1       1       0       858
631     0       0       1       969
631     1       0       1       910
632     0       1       0       336
632     1       0       1       475
633     0       1       0       643
633     1       1       1       317
634     0       0       0       620
634     1       0       1       428
635     0       0       1       140
635     1       1       0       897
636     0       1       0       619
636     1       0       1       455
637     0       0       0       501
637     1       1       0       38
638     0       0       0       957
638     1       1       1       938
639     0       0       1       139
639     1       0       0       133
640     0       1       0       566
640     1       0       1       501
641     0       1       0       28
641     1       1       1       747
642     0       0       1       40
642     1       0       0       194
643     0       0       1       755
643     1       1       0       104
644     0       0       0       325
644     1       0       1       6
645     0       0       1       714
645     1       1       1       71
646     0       0       1       159
646     1       0       1       140
647     0       0       1       944
647     1       0       0       60
648     0       1       1       752
648     1       1       1       878
649     0       0       0       659
649     1       1       0       757
650     0       1       0       450
650     1       0       1       831
651     0       1       0       320
651     1       1       0       702
652     0       1       0       828
652     1       0       1       789
653     0       0       1       379
653     1       0       0       458
654     0       1       0       25
654     1       0       0       118
655     0       1       0       838
655     1       0       0       132
656     0       0       1       362
656     1       0       0       775
657     0       1       1       117
657     1       0       0       817
658     0       1       1       166
658     1       0       1       748
659     0       0       1       803
659     1       1       1       605
660     0       1       1       726
660     1       0       0       46
661     0       1       0       612
661     1       0       1       30
662     0       0       0       333
662     1       0       0       47
663     0       0       0       314
663     1       0       0       124
664     0       0       0       87
664     1       0       0       711
665     0       0       0       725
665     1       0       1       320
666     0       1       0       624
666     1       0       1       539
667     0       1       0       731
667     1       0       1       728
668     0       0       1       181
668     1       0       1       645
669     0       1       1       408
669     1       0       0       369
670     0       0       0       750
670     1       1       1       905
671     0       0       0       2
671     1       0       1       385
672     0       1       0       80
672     1       0       1       525
673     0       1       1       764
673     1       1       1       542
674     0       0       1       14
674     1       1       1       902
675     0       1       0       252
675     1       1       1       783
676     0       1       0       403
676     1       1       0       924
677     0       0       0       685
677     1       1       0       90
678     0       1       1       600
678     1       0       1       149
679     0       0       0       108
679     1       0       1       905
680     0       0       1       925
680     1       0       0       18
681     0       1       0       499
681     1       1       1       385
682     0       1       1       430
682     1       0       1       736
683     0       1       1       967
683     1       0       1       362
684     0       1       1       815
684     1       0       0       996
685     0       0       1       924
685     1       1       1       642
686     0       0       0       996
686     1       0       1       798
687     0       1       0       993
687     1       0       0       682
688     0       1       0       412
688     1       1       1       489
689     0       0       1       348
689     1       0       0       548
690     0       0       0       824
690     1       0       0       786
691     0       1       1       858
691     1       1       1       450
692     0       0       0       192
692     1       0       0       129
693     0       0       0       147
693     1       1       1       463
694     0       0       0       801
694     1       1       0       810
695     0       1       0       805
695     1       1       1       534
696     0       0       0       598
696     1       1       0       184
697     0       0       1       694
697     1       1       0       384
698     0       0       1       155
698     1       1       0       976
699     0       1       1       350
699     1       1       1       549
700     0       1       0       749
700     1       1       0       6
701     0       0       1       239
701     1       0       0       792
702     0       1       0       33
702     1       1       1       600
703     0       0       1       398
703     1       1       0       243
704     0       1       0       507
704     1       0       1       324
705     0       1       1       656
705     1       0       1       409
706     0       1       0       436
706     1       1       1       747
707     0       1       1       902
707     1       0       0       468
708     0       0       0       71
708     1       0       1       542
709     0       0       1       497
709     1       0       1       721
710     0       1       1       656
710     1       1       0       347
711     0       1       1       188
711     1       0       0       709
712     0       1       1       603
712     1       0       1       124
713     0       0       0       922
713     1       0       0       213
714     0       1       0       968
714     1       1       1       950
715     0       0       0       674
715     1       0       0       49
716     0       0       0       535
716     1       1       1       46
717     0       1       0       820
717     1       1       1       228
718     0       0       0       337
718     1       0       0       670
719     0       0       0       608
719     1       1       1       612
720     0       0       1       869
720     1       1       0       211
721     0       1       0       153
721     1       0       0       79
722     0       1       0       413
722     1       1       1       938
723     0       0       1       52
723     1       1       1       709
724     0       0       1       755
724     1       0       0       774
725     0       0       0       462
725     1       0       1       615
726     0       1       0       349
726     1       1       0       430
727     0       1       1       689
727     1       1       0       747
728     0       0       1       729
728     1       0       0       458
729     0       0       0       364
729     1       1       0       315
730     0       1       0       528
730     1       0       0       298
731     0       0       1       455
731     1       0       0       182
732     0       1       0       406
732     1       0       0       220
733     0       0       1       714
733     1       1       0       424
734     0       0       0       841
734     1       0       1       886
735     0       0       0       288
735     1       1       0       467
736     0       1       0       834
736     1       1       1       42
737     0       0       1       824
737     1       0       0       35
738     0       0       1       128
738     1       0       0       821
739     0       1       1       405
739     1       0       0       176
740     0       0       0       324
740     1       1       0       466
741     0       0       0       301
741     1       0       1       201
742     0       1       1       559
742     1       0       0       956
743     0       1       0       264
743     1       0       1       23
744     0       0       0       162
744     1       0       1       605
745     0       0       1       40
745     1       0       1       851
746     0       1       0       301
746     1       1       0       571
747     0       0       0       785
747     1       0       1       338
748     0       1       0       701
748     1       0       0       685
749     0       0       1       766
749     1       1       0       253
750     0       1       0       4
750     1       0       1       831
751     0       0       1       547
751     1       1       0       299
752     0       0       1       286
752     1       1       0       871
753     0       0       0       623
753     1       0       1       100
754     0       1       0       414
754     1       1       0       722
755     0       0       1       741
755     1       0       1       7
756     0       1       0       257
756     1       0       1       136
757     0       0       1       790
757     1       0       0       982
758     0       1       1       328
758     1       0       0       745
759     0       0       0       471
759     1       1       0       167
760     0       1       0       883
760     1       1       1       280
761     0       0       1       253
761     1       1       0       763
762     0       1       1       231
762     1       0       0       682
763     0       0       1       613
763     1       0       0       334
764     0       1       0       753
764     1       0       0       722
765     0       0       1       471
765     1       0       0       500
766     0       1       1       664
766     1       1       1       565
767     0       0       1       516
767     1       1       0       217
768     0       1       1       430
768     1       1       0       939
769     0       1       1       734
769     1       0       1       634
770     0       0       0       785
770     1       0       1       74
771     0       1       1       236
771     1       1       0       767
772     0       0       0       139
772     1       0       0       597
773     0       0       1       301
773     1       0       1       22
774     0       1       0       177
774     1       1       1       160
775     0       1       1       937
775     1       0       0       220
776     0       1       0       873
776     1       1       0       372
777     0       1       1       654
777     1       0       0       168
778     0       0       1       266
778     1       0       1       443
779     0       1       1       57
779     1       0       1       972
780     0       1       0       351
780     1       0       0       676
781     0       0       0       346
781     1       1       0       838
782     0       0       1       567
782     1       1       0       889
783     0       1       0       802
783     1       0       1       215
784     0       1       1       947
784     1       0       1       793
785     0       0       1       114
785     1       0       1       477
786     0       0       0       931
786     1       0       1       341
787     0       1       0       857
787     1       0       1       159
788     0       1       0       678
788     1       1       1       139
789     0       1       0       94
789     1       1       1       134
790     0       0       1       647
790     1       1       0       360
791     0       1       1       698
791     1       0       0       724
792     0       0       0       892
792     1       1       0       202
793     0       1       0       245
793     1       1       0       452
794     0       0       0       94
794     1       1       1       890
795     0       0       1       287
795     1       0       1       685
796     0       0       0       321
796     1       0       0       373
797     0       0       1       576
797     1       1       0       522
798     0       1       0       190
798     1       0       1       553
799     0       1       0       812
799     1       0       1       588
800     0       1       0       278
800     1       1       1       12
801     0       0       0       125
801     1       1       1       700
802     0       1       1       705
802     1       0       0       318
803     0       0       0       145
803     1       1       1       502
804     0       0       1       642
804     1       0       0       170
805     0       1       1       94
805     1       1       0       527
806     0       1       1       247
806     1       0       0       258
807     0       0       1       200
807     1       0       1       134
808     0       1       1       828
808     1       1       1       154
809     0       1       0       240
809     1       1       0       102
810     0       1       1       2
810     1       1       0       622
811     0       1       0       835
811     1       0       0       986
812     0       0       1       581
812     1       0       1       593
813     0       1       1       515
813     1       1       0       127
814     0       1       1       318
814     1       1       0       421
815     0       0       1       795
815     1       1       0       286
816     0       1       1       58
816     1       1       1       60
817     0       0       1       871
817     1       1       1       73
818     0       1       1       976
818     1       0       1       83
819     0       0       1       196
819     1       1       1       534
820     0       1       0       473
820     1       1       0       187
821     0       0       1       221
821     1       1       1       928
822     0       1       0       968
822     1       1       0       940
823     0       0       0       150
823     1       1       1       51
824     0       1       1       852
824     1       1       1       182
825     0       0       1       382
825     1       1       1       428
826     0       0       0       297
826     1       0       1       655
827     0       0       0       614
827     1       0       1       312
828     0       0       1       981
828     1       1       1       133
829     0       1       1       297
829     1       0       0       574
830     0       1       1       615
830     1       1       1       902
831     0       0       1       585
831     1       1       0       975
832     0       0       1       411
832     1       1       1       575
833     0       1       0       873
833     1       1       0       895
834     0       1       1       704
834     1       0       1       538
835     0       1       0       852
835     1       0       1       109
836     0       0       0       824
836     1       0       0       689
837     0       1       0       306
837     1       1       1       594
838     0       1       0       637
838     1       0       1       891
839     0       1       0       292
839     1       1       0       616
840     0       0       1       30
840     1       0       0       148
841     0       1       1       171
841     1       0       1       888
842     0       0       0       115
842     1       1       1       214
843     0       0       1       40
843     1       0       0       416
844     0       0       1       122
844     1       1       0       908
845     0       1       1       329
845     1       0       0       737
846     0       1       1       493
846     1       0       1       482
847     0       1       0       372
847     1       0       1       932
848     0       1       0       931
848     1       0       1       891
849     0       0       1       279
849     1       1       0       390
850     0       0       1       505
850     1       0       0       193
851     0       1       1       517
851     1       1       0       738
852     0       1       0       844
852     1       1       0       945
853     0       1       0       48
853     1       1       1       430
854     0       1       1       748
854     1       0       1       174
855     0       1       1       295
855     1       0       0       331
856     0       1       1       718
856     1       0       1       189
857     0       0       0       488
857     1       1       0       939
858     0       0       0       522
858     1       1       0       548
859     0       0       1       561
859     1       1       0       627
860     0       1       1       619
860     1       0       0       590
861     0       0       0       611
861     1       1       1       785
862     0       0       1       389
862     1       0       1       346
863     0       1       0       800
863     1       1       1       745
864     0       0       1       873
864     1       1       0       725
865     0       0       1       929
865     1       0       0       649
866     0       1       1       184
866     1       0       0       446
867     0       0       1       246
867     1       0       0       453
868     0       1       0       5
868     1       1       0       123
869     0       1       1       707
869     1       1       1       930
870     0       0       0       636
870     1       0       1       808
871     0       1       0       163
871     1       0       0       914
872     0       1       0       664
872     1       1       0       430
873     0       0       0       809
873     1       1       0       20
874     0       1       1       133
874     1       1       0       943
875     0       0       1       916
875     1       1       1       832
876     0       0       1       721
876     1       0       0       249
877     0       1       1       187
877     1       0       0       764
878     0       1       1       338
878     1       1       1       829
879     0       0       0       227
879     1       1       0       994
880     0       1       1       77
880     1       0       0       842
881     0       0       1       231
881     1       1       1       569
882     0       1       0       275
882     1       1       1       659
883     0       1       0       955
883     1       0       1       678
884     0       1       1       789
884     1       1       0       527
885     0       0       0       400
885     1       0       0       804
886     0       0       0       422
886     1       0       1       666
887     0       0       0       176
887     1       1       1       95
888     0       1       1       201
888     1       1       1       247
889     0       0       1       377
889     1       0       1       826
890     0       1       0       827
890     1       1       1       696
891     0       0       0       238
891     1       1       0       476
892     0       1       1       201
892     1       1       0       339
893     0       1       0       791
893     1       1       1       142
894     0       1       0       869
894     1       0       1       663
895     0       1       1       321
895     1       1       0       519
896     0       0       0       850
896     1       0       0       662
897     0       0       0       638
897     1       0       1       978
898     0       1       0       956
898     1       0       1       174
899     0       1       0       728
899     1       1       0       891
900     0       1       0       339
900     1       1       0       55
901     0       0       0       748
901     1       0       1       920
902     0       1       0       966
902     1       1       0       295
903     0       1       0       83
903     1       0       0       229
904     0       1       0       67
904     1       1       0       642
905     0       0       1       422
905     1       0       1       881
906     0       1       1       965
906     1       1       1       540
907     0       1       0       849
907     1       0       0       309
908     0       1       0       699
908     1       0       1       111
909     0       1       1       39
909     1       0       0       777
910     0       0       0       3
910     1       0       1       119
911     0       0       0       323
911     1       0       0       11
912     0       1       0       607
912     1       0       0       971
913     0       0       0       424
913     1       1       0       495
914     0       1       1       281
914     1       1       1       659
915     0       0       1       860
915     1       1       1       907
916     0       0       1       69
916     1       1       1       834
917     0       0       0       482
917     1       0       0       550
918     0       1       0       710
918     1       1       0       451
919     0       1       0       82
919     1       1       1       938
920     0       0       1       559
920     1       0       0       317
921     0       0       1       295
921     1       0       0       450
922     0       1       1       214
922     1       0       0       887
923     0       0       0       264
923     1       1       0       779
924     0       0       0       276
924     1       0       1       828
925     0       1       1       849
925     1       0       0       514
926     0       1       0       428
926     1       0       1       529
927     0       0       0       160
927     1       0       1       937
928     0       0       1       248
928     1       0       1       692
929     0       1       0       367
929     1       1       0       297
930     0       0       0       990
930     1       0       1       510
931     0       1       0       118
931     1       0       0       539
932     0       0       1       624
932     1       1       0       5
933     0       1       0       811
933     1       0       1       540
934     0       0       1       280
934     1       1       0       192
935     0       0       1       162
935     1       1       0       658
936     0       0       0       346
936     1       0       1       726
937     0       1       0       629
937     1       1       0       448
938     0       0       1       835
938     1       0       1       779
939     0       1       0       965
939     1       0       1       872
940     0       0       1       107
940     1       0       0       779
941     0       1       1       96
941     1       0       0       580
942     0       0       0       634
942     1       1       0       77
943     0       1       0       997
943     1       1       1       993
944     0       0       1       746
944     1       1       0       10
945     0       1       1       809
945     1       0       0       483
946     0       0       1       115
946     1       0       1       822
947     0       0       0       649
947     1       1       1       76
948     0       1       1       567
948     1       1       1       535
949     0       0       1       681
949     1       1       1       179
950     0       1       1       312
950     1       0       0       650
951     0       1       1       360
951     1       0       1       330
952     0       0       1       638
952     1       0       0       824
953     0       1       0       999
953     1       0       0       793
954     0       0       1       192
954     1       0       0       798
955     0       0       1       909
955     1       0       0       112
956     0       0       0       19
956     1       1       0       769
957     0       0       1       45
957     1       0       1       692
958     0       0       1       653
958     1       1       1       465
959     0       0       0       915
959     1       1       0       433
960     0       0       1       208
960     1       0       1       140
961     0       0       0       529
961     1       0       0       254
962     0       1       0       615
962     1       1       1       984
963     0       1       0       942
963     1       1       0       691
964     0       0       1       619
964     1       0       1       329
965     0       1       0       457
965     1       0       1       868
966     0       1       1       448
966     1       1       1       501
967     0       1       0       580
967     1       1       0       145
968     0       0       0       291
968     1       1       0       310
969     0       1       0       536
969     1       1       1       126
970     0       0       0       392
970     1       0       1       564
971     0       1       1       626
971     1       1       0       141
972     0       0       0       23
972     1       0       0       121
973     0       0       1       628
973     1       0       0       68
974     0       0       0       203
974     1       1       1       950
975     0       0       1       474
975     1       1       1       510
976     0       0       1       825
976     1       1       0       445
977     0       0       0       894
977     1       0       0       628
978     0       1       0       308
978     1       1       1       442
979     0       0       1       129
979     1       1       1       402
980     0       0       0       542
980     1       1       0       112
981     0       0       0       321
981     1       1       0       568
982     0       1       1       770
982     1       1       0       199
983     0       1       0       837
983     1       1       1       133
984     0       0       1       925
984     1       0       0       456
985     0       0       0       141
985     1       1       1       431
986     0       0       0       405
986     1       1       0       555
987     0       1       1       856
987     1       1       1       662
988     0       1       0       260
988     1       0       1       735
989     0       1       0       219
989     1       1       0       516
990     0       1       0       598
990     1       1       0       593
991     0       1       1       861
991     1       1       1       66
992     0       0       0       159
992     1       0       1       951
993     0       1       0       55
993     1       0       1       392
994     0       1       1       373
994     1       1       0       102
995     0       1       1       344
995     1       1       0       932
996     0       0       1       371
996     1       0       0       421
997     0       0       1       361
997     1       0       1       585
998     0       0       1       893
998     1       0       0       178
999     0       1       0       240
999     1       1       0       440
1000    0       1       1       598
1000    1       0       0       612

Fitness Score       : 2798.2644
Halted              : T
Sigma               : 30
Shifts              : 841
Last State          : 0
Last Position       : -13
Length Traversed    : 44
Avg Block Size      : 3.3333333
Max Block Size      : 7
Condensed Tape: (5 2 3 5 2 2 2 7 2)
**************************************************
