
******** Search completed in 171.106 secs ********

Population size  : 200
Generations      : 20
Mutation Rate    : 1/5
Machine States   : 1000
Shift Limit      : 1000
Fitness weights: 
  Weight a   : 1/50
  Weight b   : 1/20
  Weight c   : 1/50
  Weight d   : 1/30
  Weight e   : 1200
  Weight f   : 1/50
  Weight g   : 1/30
  Weight h   : 1
  Weight i   : 700

**************************************************


******************* best fit *********************
Machine #: (1 0 123 0 0 929 1 1 757 1 1 423 0 1 151 0 0 234 1 0 17 0 1 59 0 0 691 0 0 432
 1 0 338 1 1 592 0 1 181 0 1 694 1 1 840 0 1 47 0 0 166 0 0 411 1 1 851 0 1 104
 0 1 947 0 1 434 1 0 922 0 1 467 1 0 526 1 1 148 0 1 338 0 0 532 1 1 111 0 0 69
 0 1 48 0 0 889 1 1 144 0 1 390 0 1 221 1 1 160 0 1 893 0 0 718 0 0 225 1 1 102
 0 1 349 1 1 183 0 1 650 1 1 529 1 0 749 1 1 652 1 0 255 0 0 847 1 0 582 0 0
 803 1 1 435 1 0 539 0 1 242 1 0 416 0 0 299 0 0 383 0 1 796 0 1 882 1 0 530 1
 0 573 0 0 898 0 1 582 0 0 66 0 0 136 1 1 763 0 0 818 1 1 237 1 1 411 0 0 112 0
 0 791 0 1 191 0 1 992 0 1 122 1 0 666 1 1 211 1 1 930 0 1 281 1 0 544 1 1 207
 1 1 849 1 0 434 0 1 607 1 1 582 1 0 246 1 1 538 0 0 438 0 1 5 1 1 395 1 0 857
 0 0 240 0 0 486 0 0 341 1 0 813 0 1 23 0 0 790 0 0 62 0 1 928 0 0 928 0 1 570
 0 1 926 0 1 261 1 1 82 0 1 210 0 0 860 1 1 404 1 0 712 1 0 374 0 1 990 0 0 22
 1 1 73 0 0 313 1 0 47 1 1 795 0 1 884 0 1 346 1 0 17 0 1 632 1 1 700 1 1 314 0
 0 580 0 0 231 0 0 879 1 1 173 0 1 572 0 0 185 0 0 770 0 1 128 0 0 353 0 1 412
 1 0 466 0 1 618 1 0 693 0 1 997 0 0 858 1 1 632 1 1 794 1 0 653 0 1 822 0 1
 623 0 0 43 1 0 633 1 1 346 1 1 153 0 0 433 0 1 904 1 1 964 1 0 230 1 0 307 1 0
 5 0 1 519 1 0 646 1 0 867 0 1 327 1 1 781 0 0 636 0 0 890 0 0 412 0 1 326 0 1
 935 1 0 274 0 0 73 0 1 996 0 1 675 1 0 831 1 1 157 0 1 583 1 0 930 1 1 772 1 1
 131 1 0 989 1 0 183 0 0 275 0 0 625 0 0 798 0 1 775 0 0 490 0 0 510 0 1 826 1
 0 263 1 0 952 1 0 933 1 1 332 1 1 742 0 0 165 1 0 981 0 0 17 1 0 854 1 0 827 1
 0 646 0 1 419 0 1 634 0 1 917 0 0 63 0 0 672 0 0 155 1 0 205 1 1 691 1 1 945 0
 1 767 1 0 997 1 0 545 0 1 600 1 0 331 1 0 319 1 0 702 0 0 315 1 0 123 0 0 517
 0 0 547 0 1 40 1 1 851 0 1 708 0 1 492 0 0 755 0 0 158 1 0 657 0 1 261 1 1 99
 0 1 813 0 1 192 1 0 883 1 0 518 1 1 665 0 0 542 1 0 266 0 1 940 1 0 625 0 0
 304 0 1 257 0 1 684 1 0 773 1 1 91 0 0 38 1 0 156 1 0 970 1 1 401 1 1 735 0 0
 25 0 0 997 1 1 143 1 1 49 0 0 473 1 0 382 1 0 460 0 1 897 0 1 686 0 0 400 1 1
 534 0 1 496 1 0 853 0 0 726 1 0 570 1 1 46 1 0 853 1 0 209 0 1 832 0 0 465 0 1
 786 1 0 670 0 1 4 0 1 367 0 1 659 1 0 367 1 1 445 0 1 717 0 0 204 0 1 325 1 1
 949 1 0 682 0 1 456 1 0 503 1 1 816 1 0 950 1 0 848 0 1 29 1 0 109 1 1 646 0 1
 595 0 1 243 1 1 934 1 1 610 1 0 312 1 1 585 0 0 198 1 0 682 1 0 97 0 1 91 1 1
 819 0 0 620 1 1 502 1 1 483 0 1 797 0 1 30 1 0 400 0 0 36 0 1 775 1 0 695 0 1
 220 0 0 21 0 0 742 0 0 179 0 1 529 0 0 423 0 0 330 1 1 591 0 1 662 1 1 770 0 1
 544 0 0 134 0 1 976 0 0 957 0 1 617 0 0 313 0 0 752 0 1 64 1 0 986 1 1 228 1 1
 707 1 0 633 1 0 971 1 1 200 0 0 705 0 1 631 0 1 745 1 0 557 0 1 904 1 1 831 1
 1 754 1 0 64 0 0 804 1 1 49 1 0 496 0 1 855 0 0 85 1 0 295 0 0 35 1 1 985 1 1
 56 1 0 682 1 0 816 0 1 842 1 0 946 1 0 207 1 1 2 1 0 407 1 1 918 0 0 196 0 1
 32 1 1 768 1 0 179 1 1 920 0 1 133 1 0 105 1 0 311 1 1 438 1 0 454 1 0 408 1 1
 190 0 1 906 0 1 150 0 1 455 1 1 964 1 0 165 0 0 70 0 1 747 1 1 971 1 1 623 0 1
 762 0 0 738 1 1 626 0 0 43 1 1 541 0 1 617 1 0 141 0 1 531 1 0 379 0 1 513 0 1
 638 0 0 293 0 1 146 1 0 185 1 0 469 0 1 496 1 1 819 1 1 694 1 1 28 1 0 820 1 0
 641 0 1 251 1 1 373 1 0 888 1 0 50 1 1 231 1 1 293 0 1 892 0 0 606 1 1 73 0 0
 741 0 1 789 1 1 511 0 0 53 0 0 664 1 1 527 0 1 551 1 1 848 1 1 285 1 0 394 1 1
 34 0 0 361 1 0 608 1 1 391 1 1 135 0 1 4 1 0 272 0 1 268 0 1 30 1 0 189 1 1
 652 1 0 894 0 1 641 1 0 246 1 0 84 0 0 635 1 0 842 0 0 14 0 1 667 0 1 604 1 1
 139 0 0 720 0 0 772 1 0 625 0 1 991 1 1 491 1 1 527 0 1 967 1 1 715 0 1 846 0
 0 154 1 1 775 0 1 785 0 0 378 0 0 895 0 0 57 0 0 994 0 0 888 0 1 31 0 0 317 0
 1 238 0 0 590 0 1 6 0 0 292 1 0 428 1 0 510 1 1 3 1 0 790 1 0 824 0 0 762 1 0
 214 1 1 345 1 1 526 0 1 94 0 0 655 1 0 989 1 0 252 0 0 539 1 1 378 0 0 44 1 0
 453 1 0 689 1 1 326 0 0 414 1 1 927 0 1 233 0 0 709 1 1 724 1 1 829 0 0 650 1
 1 574 1 1 9 1 1 765 0 1 331 1 0 837 0 0 311 0 0 506 0 0 572 1 1 112 1 0 262 0
 0 898 1 1 662 1 0 255 0 0 183 0 1 895 0 0 250 0 0 748 1 0 135 1 0 185 0 1 883
 0 0 101 1 1 47 0 1 214 0 0 283 0 0 870 1 1 449 1 0 355 0 0 445 1 1 138 0 1 976
 0 1 553 1 1 439 1 0 784 1 1 822 0 0 564 1 1 262 0 0 327 1 1 739 0 0 568 0 1
 705 1 1 712 1 1 216 1 0 607 0 0 147 1 1 184 1 0 164 1 1 778 0 1 222 0 1 42 1 0
 416 0 1 657 1 0 862 0 0 6 1 1 580 1 0 947 0 0 873 0 1 779 1 0 479 1 0 375 1 1
 159 0 1 786 1 1 197 1 1 676 0 1 59 1 1 962 0 1 933 1 0 390 1 0 964 0 1 706 1 1
 309 1 0 313 1 1 433 1 0 504 1 0 555 0 0 58 0 0 664 1 0 633 1 1 932 0 1 958 0 1
 504 1 1 980 1 0 848 0 0 554 0 0 837 0 0 523 1 1 858 1 1 734 1 1 750 1 1 517 0
 0 363 1 1 922 0 1 36 0 1 45 0 1 897 1 1 340 1 1 803 0 0 589 1 0 66 1 0 247 1 0
 58 0 0 281 0 1 710 0 1 532 1 0 521 1 0 326 0 0 595 0 1 867 1 1 442 1 0 636 1 0
 910 1 1 753 0 1 367 1 1 287 0 1 293 1 0 865 1 0 357 0 0 6 1 1 600 1 1 943 0 1
 187 1 1 475 0 0 574 0 1 208 1 0 28 0 1 853 1 0 755 0 1 140 1 1 216 1 1 749 0 0
 725 1 1 670 1 0 208 0 0 384 0 0 416 1 1 253 1 1 170 0 1 936 1 0 335 1 1 355 1
 0 709 1 0 42 0 1 248 1 1 804 1 0 810 1 0 170 1 0 398 0 1 274 0 1 714 1 0 180 0
 1 744 0 1 749 0 1 786 1 1 635 1 1 716 1 1 977 1 1 0 0 0 464 0 0 620 1 0 479 1
 0 453 1 1 329 1 1 5 1 1 566 1 1 869 1 0 22 0 0 337 0 1 425 0 0 472 0 0 201 1 0
 55 0 0 772 1 0 261 0 1 441 1 1 470 1 1 493 1 1 166 0 0 526 0 0 894 0 1 979 1 1
 829 0 0 554 0 1 306 1 1 217 0 0 953 0 0 528 1 1 660 1 1 26 1 0 165 0 1 902 0 1
 599 1 0 665 1 0 667 0 0 101 1 0 534 0 1 939 1 1 716 0 0 326 0 0 666 1 0 44 1 1
 994 0 1 179 0 0 580 1 1 882 0 1 547 0 1 679 0 1 615 1 1 444 1 0 427 1 0 73 1 0
 644 1 1 657 0 1 263 1 1 497 1 0 344 0 1 617 0 0 921 1 0 304 0 0 230 1 1 609 1
 0 557 1 1 88 1 1 421 1 0 366 1 1 329 1 1 295 1 1 297 0 1 613 1 0 763 1 1 210 1
 0 797 0 0 135 1 0 159 1 0 432 0 0 750 0 0 953 1 1 302 1 0 965 0 0 418 0 1 692
 1 0 132 1 1 373 1 0 997 0 0 828 0 1 426 0 1 384 0 0 932 0 1 703 1 1 174 0 1
 426 0 1 769 1 0 518 1 0 653 1 1 118 1 1 259 0 1 608 1 1 702 1 0 330 0 1 442 1
 1 521 1 0 529 0 1 300 0 1 93 0 0 406 0 0 311 0 0 238 1 0 729 0 0 470 0 0 13 1
 1 629 1 0 770 1 0 111 1 0 308 1 0 134 1 0 67 0 1 347 1 0 57 1 0 235 1 1 276 0
 0 692 0 1 431 0 0 284 0 0 886 0 1 155 0 1 916 1 1 63 0 1 287 1 1 685 0 0 980 0
 0 362 1 0 956 0 1 416 1 1 223 1 0 134 1 0 924 1 1 678 0 1 987 0 1 575 0 1 883
 1 0 108 1 1 554 1 1 145 1 0 165 1 0 626 0 0 140 1 1 652 0 1 898 1 0 8 1 1 901
 0 1 622 1 0 223 1 0 821 1 1 209 1 0 862 1 0 29 1 0 826 0 1 635 0 0 741 0 1 537
 0 0 144 1 0 251 0 1 46 1 0 140 1 0 248 0 1 801 1 0 282 1 1 171 1 1 839 0 1 942
 0 0 340 0 0 141 1 1 863 0 1 108 1 1 795 1 0 809 0 0 971 1 0 129 0 0 154 0 0
 731 1 1 516 1 1 74 1 1 878 0 1 793 0 1 577 0 1 641 1 1 691 0 1 492 0 1 305 1 0
 731 1 0 318 1 1 696 1 0 735 1 1 540 1 0 584 0 1 714 1 0 391 1 0 136 1 1 211 0
 1 360 0 0 296 1 1 193 1 1 753 1 0 879 1 0 41 0 1 590 0 0 263 0 0 936 0 1 167 0
 0 523 0 1 275 0 1 166 1 1 393 1 1 173 1 1 463 0 1 131 1 0 556 1 0 668 0 1 951
 1 0 11 0 1 242 1 0 90 0 1 457 0 0 932 0 1 518 1 0 91 1 0 930 1 0 827 0 1 69 1
 0 276 1 0 833 0 1 364 1 0 374 0 1 755 1 1 69 1 0 199 0 1 966 1 0 685 0 1 78 1
 1 489 0 0 126 1 1 948 1 0 678 0 0 972 0 0 599 1 1 733 1 1 48 0 1 306 1 0 526 1
 1 614 1 0 400 1 0 120 0 1 91 1 1 571 1 0 398 1 0 396 1 0 281 0 1 995 0 1 586 1
 0 898 0 1 759 0 1 988 0 1 328 1 1 543 1 1 5 1 1 615 1 1 568 0 0 358 0 0 875 1
 0 49 1 0 647 1 1 482 1 1 141 1 1 31 1 1 824 1 0 992 0 0 934 0 1 986 0 0 58 0 0
 151 1 0 64 0 0 510 1 0 570 0 1 175 1 1 618 1 1 383 1 1 54 0 0 414 0 0 745 0 1
 910 1 1 731 0 0 682 0 1 206 1 1 366 0 0 475 0 0 264 1 1 605 1 1 606 1 0 228 0
 1 89 0 1 635 1 0 654 1 0 525 0 0 471 1 0 680 0 1 550 1 1 920 0 0 952 0 0 13 1
 0 523 1 1 737 0 1 116 0 0 210 1 1 201 0 1 615 0 1 659 0 1 889 1 1 213 1 0 415
 1 0 666 1 0 708 1 1 620 0 1 386 1 1 511 1 0 664 0 1 671 0 0 467 1 0 277 0 0
 350 1 1 643 1 0 927 1 1 771 1 1 620 1 0 0 1 1 728 1 1 460 1 1 683 0 1 502 1 0
 856 1 1 974 1 0 250 0 0 945 1 0 837 1 0 966 0 0 543 0 0 210 1 1 193 1 0 591 0
 0 319 0 1 544 1 0 500 1 1 331 1 0 14 0 0 203 0 1 562 0 1 973 0 0 147 0 1 3 1 1
 883 0 1 808 0 1 149 1 0 31 1 0 642 1 1 76 1 1 589 0 1 731 1 1 441 1 0 266 0 1
 878 1 1 469 1 0 716 0 1 855 0 1 743 0 0 36 0 0 987 0 0 403 1 0 501 0 0 721 0 0
 189 1 1 731 1 0 517 1 0 381 1 0 564 1 0 97 1 0 368 0 1 466 1 0 299 1 0 183 1 1
 307 0 0 404 0 1 6 0 0 992 0 0 194 0 1 123 0 1 749 1 1 287 0 1 590 1 1 842 0 0
 953 0 1 201 1 1 180 0 0 912 0 0 444 1 1 755 0 1 275 1 1 151 1 1 479 1 0 307 1
 1 278 0 0 477 1 0 632 1 1 202 1 1 265 0 1 36 1 0 498 0 1 311 0 1 117 1 0 476 1
 1 121 1 0 3 0 1 968 1 0 276 1 0 311 0 0 73 1 0 409 0 0 695 0 1 115 0 1 239 1 1
 31 0 0 37 0 0 338 1 0 528 0 1 333 1 1 406 1 1 672 0 1 802 1 1 405 0 1 351 0 0
 543 1 1 624 0 1 574 0 0 517 0 0 777 0 0 431 0 0 898 0 0 715 0 1 998 0 0 836 0
 1 392 0 0 152 0 1 587 0 0 475 1 0 204 1 0 285 1 1 707 1 0 19 1 0 722 0 0 490 1
 0 30 1 1 311 1 1 335 0 1 583 0 0 312 1 0 617 1 0 868 0 0 148 1 1 347 0 0 62 1
 0 73 1 0 208 1 1 62 0 0 732 1 1 711 0 1 98 0 0 574 1 1 493 1 1 296 0 0 418 1 1
 845 1 1 519 1 1 469 0 1 495 1 0 196 0 0 531 0 0 913 0 0 229 1 1 298 1 0 986 0
 0 145 1 1 10 1 0 172 0 0 890 0 1 720 0 0 685 0 0 310 1 0 842 1 0 370 0 1 468 0
 0 948 1 1 879 0 1 960 0 0 654 0 0 331 1 1 110 1 0 979 0 0 765 1 1 150 0 1 290
 0 1 709 1 1 704 1 0 171 1 1 742 0 0 653 1 1 265 0 0 529 1 1 220 0 0 94 0 1 76
 1 1 387 1 1 495 1 0 92 0 0 176 1 1 575 1 0 811 1 1 114 0 1 711 0 1 84 1 0 462
 0 1 730 1 0 484 0 0 897 1 1 474 1 0 905 0 0 729 0 1 599 1 0 541 1 0 219 1 1
 633 0 1 239 1 1 806 1 1 845 0 1 312 1 1 600 0 1 284 1 0 912 1 0 83 0 1 957 1 1
 648 1 0 390 1 1 314 1 0 678 1 0 107 0 0 602 0 0 865 1 0 17 1 1 438 0 1 178 0 1
 197 1 1 418 1 0 821 0 0 934 0 0 506 0 0 862 1 1 223 1 1 607 1 1 538 1 1 131 0
 0 865 1 1 246 0 1 965 0 1 581 0 1 472 1 1 194 1 1 176 0 0 614 1 0 396 1 0 626
 1 0 591 0 0 641 0 1 134 0 1 615 1 0 976 1 0 452 0 0 32 0 1 220 1 1 930 1 0 10
 1 0 342 1 1 66 0 1 258 1 1 890 0 1 485 1 0 871 1 0 752 0 0 174 1 1 297 1 1 9 0
 1 488 1 1 722 0 0 492 0 1 671 1 0 427 0 1 377 1 0 83 0 1 977 1 1 275 1 1 37 1
 0 648 1 0 378 1 1 734 1 1 995 0 1 683 0 1 57 0 0 503 1 0 913 1 0 282 0 0 388 0
 0 321 1 0 968 1 0 674 1 1 842 1 1 856 0 0 292 0 0 55 1 1 898 1 0 69 0 0 540 1
 1 948 1 0 256 1 0 152 0 1 761 1 0 102 1 0 754 0 0 250 1 0 128 1 1 653 0 0 660
 1 1 893 0 0 762 0 1 50 0 1 873 0 1 380 1 0 366 0 1 840 1 1 334 0 1 420 0 0 422
 1 0 28 1 1 763 1 0 328 1 1 255 0 0 940 0 1 981 0 1 698 1 1 182 1 0 556 1 0 206
 1 1 630 1 1 451 0 1 76 0 1 212 0 0 560 1 0 57 1 0 698 0 0 187 0 0 686 1 0 538
 1 0 247 1 1 478 1 1 752 0 0 786 0 0 416 1 1 922 1 0 143 0 0 49 1 1 567 1 0 274
 1 0 610 0 1 566 1 0 359 1 0 944 0 0 874 1 0 325 1 1 652 0 0 83 1 1 8 0 0 226 0
 1 539 0 1 40 0 1 820 1 0 652 0 1 294 1 1 445 0 1 580 0 0 615 1 0 891 1 1 60 1
 0 934 1 1 86 0 0 979 0 1 461 0 1 679 1 0 188 1 0 87 1 1 236 1 1 741 1 0 201 1
 1 952 0 0 928 0 1 904 1 0 711 1 0 402 1 0 990 0 1 188 1 0 473 1 1 658 1 0 351
 0 0 470 1 1 770 1 1 767 1 1 743 1 0 494 1 0 178 1 0 224 1 0 646 0 1 740 1 0
 875 1 0 484 0 1 19 0 0 986 1 1 752 0 1 233 1 0 161 0 1 762 1 1 985 1 0 341 1 0
 501 1 1 486 0 1 432 0 1 844 1 1 826 1 1 778 0 0 104 0 0 671 1 1 730 1 1 191 0
 1 124 1 1 11 1 1 925 1 0 919 0 0 323 0 0 229 0 0 967 1 0 63 0 1 783 1 0 76 1 0
 724 1 0 131 0 0 189 1 0 174 0 0 752 0 1 638 0 0 295 1 0 360 0 0 509 0 0 720 1
 1 128 0 0 522 1 1 762 0 1 13 1 0 386 0 1 671 1 0 170 0 0 244 0 1 749 1 0 866 1
 1 706 1 0 809 0 1 662 1 1 263 0 0 251 0 1 744 0 1 309 1 1 160 0 0 961 0 0 101
 0 1 529 1 1 184 1 0 365 0 1 70 1 1 935 0 1 606 1 1 55 1 0 509 1 0 294 0 0 24 0
 1 411 0 1 954 1 0 924 1 1 647 1 1 926 0 1 15 0 0 232 0 1 637 0 1 403 0 0 652 1
 0 470 0 1 953 0 1 413 0 1 181 1 0 108 0 0 482 1 0 279 1 1 338 1 1 102 1 0 829
 1 1 643 1 1 433 0 1 220 1 0 616 0 0 338 1 0 239 1 1 722 0 1 412 0 1 261 0 1
 833 0 0 178 1 0 659 1 1 929 1 0 576 1 0 121 1 1 595 1 0 597 0 1 57 0 0 721 1 1
 578 1 1 419 1 1 290 0 1 969 1 0 551 1 0 207 1 1 53 1 0 286 1 0 436 0 1 607 1 0
 787 0 0 3 1 1 910 1 1 498 0 1 644 0 0 107 1 0 71 0 1 324 0 0 442 0 0 979 1 0
 68 1 1 301 0 1 532 0 1 948 1 1 79 0 1 616 0 0 651 0 0 167 1 1 946 0 1 427 0 1
 323 0 1 633 1 0 203 0 1 430 1 0 182 1 1 782 0 1 193 0 0 472 1 1 318 0 0 312 0
 1 153 0 0 955 1 1 605 0 1 443 0 1 146 1 1 44 0 1 32 0 0 309 0 0 79 1 1 759 0 1
 120 1 1 491 0 1 849 1 1 852 1 0 308 1 1 794 1 0 80 0 0 463 1 0 481 0 0 209 1 1
 716 1 0 674 0 1 828 1 0 82 0 0 879 0 0 135 0 1 800 0 1 306 1 0 62 1 0 150 0 0
 298 0 1 717 0 0 646 0 0 444 1 1 712 0 0 99 1 1 87 1 1 478 0 0 422 0 0 415 0 1
 729 0 1 499 0 1 34 1 0 534 1 1 991 1 1 786 0 1 509 1 0 399 1 1 776 1 1 3 1 0
 720 0 1 808 1 1 236 1 0 965 1 1 497 0 0 572 0 1 460 1 1 851 1 0 199 0 0 719 0
 0 953 0 0 2 1 0 766 0 1 673 0 0 47 0 0 837 0 1 835 0 0 632 0 1 489 0 1 337 0 1
 227 1 1 186 0 1 263 0 0 254 1 1 587 1 0 139 1 0 836 0 1 803 0 0 859 1 1 495 0
 0 250 1 0 702 1 1 88 0 1 134 0 1 947 1 0 279 0 1 402 1 1 686 1 1 902 0 0 77 0
 0 625 0 0 361 1 1 567 0 1 475 0 0 61 0 0 385 0 1 416 0 0 309 0 1 988 1 0 51 0
 1 816 1 0 67 0 1 959 0 0 934 1 1 857 1 1 192 1 0 397 0 1 911 0 1 682 0 0 689 1
 0 464 1 1 485 1 1 933 0 0 812 0 1 659 1 1 894 1 0 920 1 0 127 1 0 743 0 1 468
 1 0 475 1 0 80 0 1 439 1 1 424 0 0 121 0 0 397 0 0 208 0 1 186 0 1 88 1 0 213
 0 0 600 0 1 616 0 1 996 1 0 436 1 1 980 0 1 903 1 0 333 1 1 788 1 1 276 1 0
 598 1 0 443 0 0 58 0 0 516 0 0 156 0 1 766 0 0 3 0 0 363 0 1 38 1 0 403 1 0
 266 1 0 933 1 1 741 1 1 545 0 0 981 1 0 584 0 0 129 1 0 126 1 0 556 1 0 257 0
 1 311 0 1 253 0 1 903 0 0 144 0 0 464 0 0 618 1 0 698 1 1 720 1 1 343 0 1 816
 1 0 700 1 0 698 0 1 158 1 0 987 1 0 235 1 0 678 0 0 957 1 0 251 0 0 87 0 0 526
 0 1 151 1 1 178 0 1 346 0 1 531 0 0 524 0 0 590 1 0 504 0 1 41 1 1 425 0 1 131
 0 1 650 1 0 412 1 0 354 1 1 274 0 0 830 1 0 303 0 1 67 1 0 131 0 0 643 0 1 231
 0 1 659 1 0 486 1 1 7 0 0 188 1 0 821 1 0 96 1 1 985 1 1 66 0 0 671 0 0 11 1 1
 503 1 1 933 0 0 596 1 0 685 1 0 492 0 1 178 0 1 814 0 0 210 1 1 76 0 1 889 1 0
 804 0 0 264 1 0 351 1 1 611 1 0 194 1 0 695 0 1 745 0 0 46 0 1 532 1 0 891 0 1
 658 0 1 149 0 1 259 1 0 899 1 1 516 0 1 619 0 0 769 0 1 554 1 1 828 1 0 179 0
 1 625 1 0 663 1 1 956 1 0 562 1 0 177 0 1 902 1 0 214 1 1 806 0 1 998 0 1 594
 1 1 907 1 1 220 1 0 509 1 1 894 0 0 609 1 0 367 1 0 344 0 1 701 1 1 347 0 0
 346 1 1 727 1 1 596 0 1 860 0 1 540 1 0 537 0 0 28 0 1 998 1 0 640 0 1 231 0 0
 2 0 0 862 0 0 120 0 1 461 0 0 224 0 0 338 1 1 330 0 1 717 1 1 416 0 1 635 0 0
 440 0 1 752 0 0 355 0 1 565 0 0 363 0 0 263 0 1 906 1 0 253 1 1 439 1 1 473 1
 0 14 1 0 758 1 1 342 0 0 142 0 1 395 0 1 355 1 0 9 0 1 286 1 1 674 1 1 91 1 0
 94 0 0 824 1 1 806 1 0 471 0 1 861 0 0 430 1 0 996 0 0 388 1 1 764 1 1 681 1 0
 601 1 0 821 0 1 602 1 0 101 1 0 797 1 1 659 1 0 667 1 1 959 0 0 953 0 1 913 1
 1 925 1 0 173 1 1 189 0 1 580 1 0 689 1 0 375 1 1 716 1 0 497 1 0 599 1 1 18 0
 1 897 0 1 520 0 1 836 1 1 43 1 0 44 0 0 366 0 1 30 1 1 886 1 1 442 0 1 476 0 0
 388 1 1 606 0 0 782 1 1 154 0 1 851 1 0 849 0 1 355 1 0 887 0 1 160 0 1 984 0
 0 772 0 1 399 1 0 207 1 0 189 0 1 19 1 1 502 1 1 405 1 1 844 1 0 329 1 0 528 0
 1 2 1 1 815 1 0 90 1 0 814 1 1 41 1 1 344 0 1 570 0 0 591 1 1 391 0 0 39 0 1
 973 1 1 570 0 0 854 0 0 567 1 1 241 0 1 253 1 1 31 1 1 796 1 0 937 1 1 656 0 0
 469 1 0 778 1 1 394 1 1 550 0 1 389 1 0 963 0 1 695 0 1 156 1 0 661 1 1 256 1
 0 774 0 1 969 1 0 340 1 0 4 0 0 254 1 0 680 0 0 766 0 1 374 0 1 204 1 1 507 0
 0 695 0 0 140 1 0 806 0 1 325 1 1 435 1 1 34 0 1 877 1 1 176 0 1 585 0 0 271 1
 1 885 0 1 997 0 0 382 0 0 80 0 0 691 0 0 280 0 0 224 0 1 805 0 0 249 0 1 957 0
 0 899 0 1 855 0 0 552 1 0 646 1 0 957 1 1 116 1 0 863 1 0 988 0 0 944 1 0 145
 1 1 687 1 1 779 0 1 736 0 0 242 1 0 755 1 0 889 0 0 842 1 1 261 0 0 239 1 0
 428 1 0 948 1 1 409 0 0 397 1 1 469 0 1 451 0 0 952 1 1 250 1 1 533 0 0 534 1
 1 502 1 1 503 1 1 729 0 1 677 1 0 269 0 0 160 0 0 666 0 0 553 1 1 796 1 0 312
 0 0 696 1 1 713 1 0 149 0 0 866 0 1 895 0 0 776 0 0 833 1 0 436 1 0 432 0 1
 912 0 0 346 1 1 182 0 1 520 0 0 83 0 0 603 1 1 446 1 0 136 0 0 958 1 1 846 0 1
 616 0 1 962 1 1 174 1 0 685 1 1 902 0 0 221 1 1 264 0 0 574 1 1 935 0 0 676 0
 1 303 1 1 357 1 1 208 1 0 575)
States: 1000

State   Read    Write   Move    Next-State
1       0       1       0       123
1       1       0       0       929
2       0       1       1       757
2       1       1       1       423
3       0       0       1       151
3       1       0       0       234
4       0       1       0       17
4       1       0       1       59
5       0       0       0       691
5       1       0       0       432
6       0       1       0       338
6       1       1       1       592
7       0       0       1       181
7       1       0       1       694
8       0       1       1       840
8       1       0       1       47
9       0       0       0       166
9       1       0       0       411
10      0       1       1       851
10      1       0       1       104
11      0       0       1       947
11      1       0       1       434
12      0       1       0       922
12      1       0       1       467
13      0       1       0       526
13      1       1       1       148
14      0       0       1       338
14      1       0       0       532
15      0       1       1       111
15      1       0       0       69
16      0       0       1       48
16      1       0       0       889
17      0       1       1       144
17      1       0       1       390
18      0       0       1       221
18      1       1       1       160
19      0       0       1       893
19      1       0       0       718
20      0       0       0       225
20      1       1       1       102
21      0       0       1       349
21      1       1       1       183
22      0       0       1       650
22      1       1       1       529
23      0       1       0       749
23      1       1       1       652
24      0       1       0       255
24      1       0       0       847
25      0       1       0       582
25      1       0       0       803
26      0       1       1       435
26      1       1       0       539
27      0       0       1       242
27      1       1       0       416
28      0       0       0       299
28      1       0       0       383
29      0       0       1       796
29      1       0       1       882
30      0       1       0       530
30      1       1       0       573
31      0       0       0       898
31      1       0       1       582
32      0       0       0       66
32      1       0       0       136
33      0       1       1       763
33      1       0       0       818
34      0       1       1       237
34      1       1       1       411
35      0       0       0       112
35      1       0       0       791
36      0       0       1       191
36      1       0       1       992
37      0       0       1       122
37      1       1       0       666
38      0       1       1       211
38      1       1       1       930
39      0       0       1       281
39      1       1       0       544
40      0       1       1       207
40      1       1       1       849
41      0       1       0       434
41      1       0       1       607
42      0       1       1       582
42      1       1       0       246
43      0       1       1       538
43      1       0       0       438
44      0       0       1       5
44      1       1       1       395
45      0       1       0       857
45      1       0       0       240
46      0       0       0       486
46      1       0       0       341
47      0       1       0       813
47      1       0       1       23
48      0       0       0       790
48      1       0       0       62
49      0       0       1       928
49      1       0       0       928
50      0       0       1       570
50      1       0       1       926
51      0       0       1       261
51      1       1       1       82
52      0       0       1       210
52      1       0       0       860
53      0       1       1       404
53      1       1       0       712
54      0       1       0       374
54      1       0       1       990
55      0       0       0       22
55      1       1       1       73
56      0       0       0       313
56      1       1       0       47
57      0       1       1       795
57      1       0       1       884
58      0       0       1       346
58      1       1       0       17
59      0       0       1       632
59      1       1       1       700
60      0       1       1       314
60      1       0       0       580
61      0       0       0       231
61      1       0       0       879
62      0       1       1       173
62      1       0       1       572
63      0       0       0       185
63      1       0       0       770
64      0       0       1       128
64      1       0       0       353
65      0       0       1       412
65      1       1       0       466
66      0       0       1       618
66      1       1       0       693
67      0       0       1       997
67      1       0       0       858
68      0       1       1       632
68      1       1       1       794
69      0       1       0       653
69      1       0       1       822
70      0       0       1       623
70      1       0       0       43
71      0       1       0       633
71      1       1       1       346
72      0       1       1       153
72      1       0       0       433
73      0       0       1       904
73      1       1       1       964
74      0       1       0       230
74      1       1       0       307
75      0       1       0       5
75      1       0       1       519
76      0       1       0       646
76      1       1       0       867
77      0       0       1       327
77      1       1       1       781
78      0       0       0       636
78      1       0       0       890
79      0       0       0       412
79      1       0       1       326
80      0       0       1       935
80      1       1       0       274
81      0       0       0       73
81      1       0       1       996
82      0       0       1       675
82      1       1       0       831
83      0       1       1       157
83      1       0       1       583
84      0       1       0       930
84      1       1       1       772
85      0       1       1       131
85      1       1       0       989
86      0       1       0       183
86      1       0       0       275
87      0       0       0       625
87      1       0       0       798
88      0       0       1       775
88      1       0       0       490
89      0       0       0       510
89      1       0       1       826
90      0       1       0       263
90      1       1       0       952
91      0       1       0       933
91      1       1       1       332
92      0       1       1       742
92      1       0       0       165
93      0       1       0       981
93      1       0       0       17
94      0       1       0       854
94      1       1       0       827
95      0       1       0       646
95      1       0       1       419
96      0       0       1       634
96      1       0       1       917
97      0       0       0       63
97      1       0       0       672
98      0       0       0       155
98      1       1       0       205
99      0       1       1       691
99      1       1       1       945
100     0       0       1       767
100     1       1       0       997
101     0       1       0       545
101     1       0       1       600
102     0       1       0       331
102     1       1       0       319
103     0       1       0       702
103     1       0       0       315
104     0       1       0       123
104     1       0       0       517
105     0       0       0       547
105     1       0       1       40
106     0       1       1       851
106     1       0       1       708
107     0       0       1       492
107     1       0       0       755
108     0       0       0       158
108     1       1       0       657
109     0       0       1       261
109     1       1       1       99
110     0       0       1       813
110     1       0       1       192
111     0       1       0       883
111     1       1       0       518
112     0       1       1       665
112     1       0       0       542
113     0       1       0       266
113     1       0       1       940
114     0       1       0       625
114     1       0       0       304
115     0       0       1       257
115     1       0       1       684
116     0       1       0       773
116     1       1       1       91
117     0       0       0       38
117     1       1       0       156
118     0       1       0       970
118     1       1       1       401
119     0       1       1       735
119     1       0       0       25
120     0       0       0       997
120     1       1       1       143
121     0       1       1       49
121     1       0       0       473
122     0       1       0       382
122     1       1       0       460
123     0       0       1       897
123     1       0       1       686
124     0       0       0       400
124     1       1       1       534
125     0       0       1       496
125     1       1       0       853
126     0       0       0       726
126     1       1       0       570
127     0       1       1       46
127     1       1       0       853
128     0       1       0       209
128     1       0       1       832
129     0       0       0       465
129     1       0       1       786
130     0       1       0       670
130     1       0       1       4
131     0       0       1       367
131     1       0       1       659
132     0       1       0       367
132     1       1       1       445
133     0       0       1       717
133     1       0       0       204
134     0       0       1       325
134     1       1       1       949
135     0       1       0       682
135     1       0       1       456
136     0       1       0       503
136     1       1       1       816
137     0       1       0       950
137     1       1       0       848
138     0       0       1       29
138     1       1       0       109
139     0       1       1       646
139     1       0       1       595
140     0       0       1       243
140     1       1       1       934
141     0       1       1       610
141     1       1       0       312
142     0       1       1       585
142     1       0       0       198
143     0       1       0       682
143     1       1       0       97
144     0       0       1       91
144     1       1       1       819
145     0       0       0       620
145     1       1       1       502
146     0       1       1       483
146     1       0       1       797
147     0       0       1       30
147     1       1       0       400
148     0       0       0       36
148     1       0       1       775
149     0       1       0       695
149     1       0       1       220
150     0       0       0       21
150     1       0       0       742
151     0       0       0       179
151     1       0       1       529
152     0       0       0       423
152     1       0       0       330
153     0       1       1       591
153     1       0       1       662
154     0       1       1       770
154     1       0       1       544
155     0       0       0       134
155     1       0       1       976
156     0       0       0       957
156     1       0       1       617
157     0       0       0       313
157     1       0       0       752
158     0       0       1       64
158     1       1       0       986
159     0       1       1       228
159     1       1       1       707
160     0       1       0       633
160     1       1       0       971
161     0       1       1       200
161     1       0       0       705
162     0       0       1       631
162     1       0       1       745
163     0       1       0       557
163     1       0       1       904
164     0       1       1       831
164     1       1       1       754
165     0       1       0       64
165     1       0       0       804
166     0       1       1       49
166     1       1       0       496
167     0       0       1       855
167     1       0       0       85
168     0       1       0       295
168     1       0       0       35
169     0       1       1       985
169     1       1       1       56
170     0       1       0       682
170     1       1       0       816
171     0       0       1       842
171     1       1       0       946
172     0       1       0       207
172     1       1       1       2
173     0       1       0       407
173     1       1       1       918
174     0       0       0       196
174     1       0       1       32
175     0       1       1       768
175     1       1       0       179
176     0       1       1       920
176     1       0       1       133
177     0       1       0       105
177     1       1       0       311
178     0       1       1       438
178     1       1       0       454
179     0       1       0       408
179     1       1       1       190
180     0       0       1       906
180     1       0       1       150
181     0       0       1       455
181     1       1       1       964
182     0       1       0       165
182     1       0       0       70
183     0       0       1       747
183     1       1       1       971
184     0       1       1       623
184     1       0       1       762
185     0       0       0       738
185     1       1       1       626
186     0       0       0       43
186     1       1       1       541
187     0       0       1       617
187     1       1       0       141
188     0       0       1       531
188     1       1       0       379
189     0       0       1       513
189     1       0       1       638
190     0       0       0       293
190     1       0       1       146
191     0       1       0       185
191     1       1       0       469
192     0       0       1       496
192     1       1       1       819
193     0       1       1       694
193     1       1       1       28
194     0       1       0       820
194     1       1       0       641
195     0       0       1       251
195     1       1       1       373
196     0       1       0       888
196     1       1       0       50
197     0       1       1       231
197     1       1       1       293
198     0       0       1       892
198     1       0       0       606
199     0       1       1       73
199     1       0       0       741
200     0       0       1       789
200     1       1       1       511
201     0       0       0       53
201     1       0       0       664
202     0       1       1       527
202     1       0       1       551
203     0       1       1       848
203     1       1       1       285
204     0       1       0       394
204     1       1       1       34
205     0       0       0       361
205     1       1       0       608
206     0       1       1       391
206     1       1       1       135
207     0       0       1       4
207     1       1       0       272
208     0       0       1       268
208     1       0       1       30
209     0       1       0       189
209     1       1       1       652
210     0       1       0       894
210     1       0       1       641
211     0       1       0       246
211     1       1       0       84
212     0       0       0       635
212     1       1       0       842
213     0       0       0       14
213     1       0       1       667
214     0       0       1       604
214     1       1       1       139
215     0       0       0       720
215     1       0       0       772
216     0       1       0       625
216     1       0       1       991
217     0       1       1       491
217     1       1       1       527
218     0       0       1       967
218     1       1       1       715
219     0       0       1       846
219     1       0       0       154
220     0       1       1       775
220     1       0       1       785
221     0       0       0       378
221     1       0       0       895
222     0       0       0       57
222     1       0       0       994
223     0       0       0       888
223     1       0       1       31
224     0       0       0       317
224     1       0       1       238
225     0       0       0       590
225     1       0       1       6
226     0       0       0       292
226     1       1       0       428
227     0       1       0       510
227     1       1       1       3
228     0       1       0       790
228     1       1       0       824
229     0       0       0       762
229     1       1       0       214
230     0       1       1       345
230     1       1       1       526
231     0       0       1       94
231     1       0       0       655
232     0       1       0       989
232     1       1       0       252
233     0       0       0       539
233     1       1       1       378
234     0       0       0       44
234     1       1       0       453
235     0       1       0       689
235     1       1       1       326
236     0       0       0       414
236     1       1       1       927
237     0       0       1       233
237     1       0       0       709
238     0       1       1       724
238     1       1       1       829
239     0       0       0       650
239     1       1       1       574
240     0       1       1       9
240     1       1       1       765
241     0       0       1       331
241     1       1       0       837
242     0       0       0       311
242     1       0       0       506
243     0       0       0       572
243     1       1       1       112
244     0       1       0       262
244     1       0       0       898
245     0       1       1       662
245     1       1       0       255
246     0       0       0       183
246     1       0       1       895
247     0       0       0       250
247     1       0       0       748
248     0       1       0       135
248     1       1       0       185
249     0       0       1       883
249     1       0       0       101
250     0       1       1       47
250     1       0       1       214
251     0       0       0       283
251     1       0       0       870
252     0       1       1       449
252     1       1       0       355
253     0       0       0       445
253     1       1       1       138
254     0       0       1       976
254     1       0       1       553
255     0       1       1       439
255     1       1       0       784
256     0       1       1       822
256     1       0       0       564
257     0       1       1       262
257     1       0       0       327
258     0       1       1       739
258     1       0       0       568
259     0       0       1       705
259     1       1       1       712
260     0       1       1       216
260     1       1       0       607
261     0       0       0       147
261     1       1       1       184
262     0       1       0       164
262     1       1       1       778
263     0       0       1       222
263     1       0       1       42
264     0       1       0       416
264     1       0       1       657
265     0       1       0       862
265     1       0       0       6
266     0       1       1       580
266     1       1       0       947
267     0       0       0       873
267     1       0       1       779
268     0       1       0       479
268     1       1       0       375
269     0       1       1       159
269     1       0       1       786
270     0       1       1       197
270     1       1       1       676
271     0       0       1       59
271     1       1       1       962
272     0       0       1       933
272     1       1       0       390
273     0       1       0       964
273     1       0       1       706
274     0       1       1       309
274     1       1       0       313
275     0       1       1       433
275     1       1       0       504
276     0       1       0       555
276     1       0       0       58
277     0       0       0       664
277     1       1       0       633
278     0       1       1       932
278     1       0       1       958
279     0       0       1       504
279     1       1       1       980
280     0       1       0       848
280     1       0       0       554
281     0       0       0       837
281     1       0       0       523
282     0       1       1       858
282     1       1       1       734
283     0       1       1       750
283     1       1       1       517
284     0       0       0       363
284     1       1       1       922
285     0       0       1       36
285     1       0       1       45
286     0       0       1       897
286     1       1       1       340
287     0       1       1       803
287     1       0       0       589
288     0       1       0       66
288     1       1       0       247
289     0       1       0       58
289     1       0       0       281
290     0       0       1       710
290     1       0       1       532
291     0       1       0       521
291     1       1       0       326
292     0       0       0       595
292     1       0       1       867
293     0       1       1       442
293     1       1       0       636
294     0       1       0       910
294     1       1       1       753
295     0       0       1       367
295     1       1       1       287
296     0       0       1       293
296     1       1       0       865
297     0       1       0       357
297     1       0       0       6
298     0       1       1       600
298     1       1       1       943
299     0       0       1       187
299     1       1       1       475
300     0       0       0       574
300     1       0       1       208
301     0       1       0       28
301     1       0       1       853
302     0       1       0       755
302     1       0       1       140
303     0       1       1       216
303     1       1       1       749
304     0       0       0       725
304     1       1       1       670
305     0       1       0       208
305     1       0       0       384
306     0       0       0       416
306     1       1       1       253
307     0       1       1       170
307     1       0       1       936
308     0       1       0       335
308     1       1       1       355
309     0       1       0       709
309     1       1       0       42
310     0       0       1       248
310     1       1       1       804
311     0       1       0       810
311     1       1       0       170
312     0       1       0       398
312     1       0       1       274
313     0       0       1       714
313     1       1       0       180
314     0       0       1       744
314     1       0       1       749
315     0       0       1       786
315     1       1       1       635
316     0       1       1       716
316     1       1       1       977
317     0       1       1       0
317     1       0       0       464
318     0       0       0       620
318     1       1       0       479
319     0       1       0       453
319     1       1       1       329
320     0       1       1       5
320     1       1       1       566
321     0       1       1       869
321     1       1       0       22
322     0       0       0       337
322     1       0       1       425
323     0       0       0       472
323     1       0       0       201
324     0       1       0       55
324     1       0       0       772
325     0       1       0       261
325     1       0       1       441
326     0       1       1       470
326     1       1       1       493
327     0       1       1       166
327     1       0       0       526
328     0       0       0       894
328     1       0       1       979
329     0       1       1       829
329     1       0       0       554
330     0       0       1       306
330     1       1       1       217
331     0       0       0       953
331     1       0       0       528
332     0       1       1       660
332     1       1       1       26
333     0       1       0       165
333     1       0       1       902
334     0       0       1       599
334     1       1       0       665
335     0       1       0       667
335     1       0       0       101
336     0       1       0       534
336     1       0       1       939
337     0       1       1       716
337     1       0       0       326
338     0       0       0       666
338     1       1       0       44
339     0       1       1       994
339     1       0       1       179
340     0       0       0       580
340     1       1       1       882
341     0       0       1       547
341     1       0       1       679
342     0       0       1       615
342     1       1       1       444
343     0       1       0       427
343     1       1       0       73
344     0       1       0       644
344     1       1       1       657
345     0       0       1       263
345     1       1       1       497
346     0       1       0       344
346     1       0       1       617
347     0       0       0       921
347     1       1       0       304
348     0       0       0       230
348     1       1       1       609
349     0       1       0       557
349     1       1       1       88
350     0       1       1       421
350     1       1       0       366
351     0       1       1       329
351     1       1       1       295
352     0       1       1       297
352     1       0       1       613
353     0       1       0       763
353     1       1       1       210
354     0       1       0       797
354     1       0       0       135
355     0       1       0       159
355     1       1       0       432
356     0       0       0       750
356     1       0       0       953
357     0       1       1       302
357     1       1       0       965
358     0       0       0       418
358     1       0       1       692
359     0       1       0       132
359     1       1       1       373
360     0       1       0       997
360     1       0       0       828
361     0       0       1       426
361     1       0       1       384
362     0       0       0       932
362     1       0       1       703
363     0       1       1       174
363     1       0       1       426
364     0       0       1       769
364     1       1       0       518
365     0       1       0       653
365     1       1       1       118
366     0       1       1       259
366     1       0       1       608
367     0       1       1       702
367     1       1       0       330
368     0       0       1       442
368     1       1       1       521
369     0       1       0       529
369     1       0       1       300
370     0       0       1       93
370     1       0       0       406
371     0       0       0       311
371     1       0       0       238
372     0       1       0       729
372     1       0       0       470
373     0       0       0       13
373     1       1       1       629
374     0       1       0       770
374     1       1       0       111
375     0       1       0       308
375     1       1       0       134
376     0       1       0       67
376     1       0       1       347
377     0       1       0       57
377     1       1       0       235
378     0       1       1       276
378     1       0       0       692
379     0       0       1       431
379     1       0       0       284
380     0       0       0       886
380     1       0       1       155
381     0       0       1       916
381     1       1       1       63
382     0       0       1       287
382     1       1       1       685
383     0       0       0       980
383     1       0       0       362
384     0       1       0       956
384     1       0       1       416
385     0       1       1       223
385     1       1       0       134
386     0       1       0       924
386     1       1       1       678
387     0       0       1       987
387     1       0       1       575
388     0       0       1       883
388     1       1       0       108
389     0       1       1       554
389     1       1       1       145
390     0       1       0       165
390     1       1       0       626
391     0       0       0       140
391     1       1       1       652
392     0       0       1       898
392     1       1       0       8
393     0       1       1       901
393     1       0       1       622
394     0       1       0       223
394     1       1       0       821
395     0       1       1       209
395     1       1       0       862
396     0       1       0       29
396     1       1       0       826
397     0       0       1       635
397     1       0       0       741
398     0       0       1       537
398     1       0       0       144
399     0       1       0       251
399     1       0       1       46
400     0       1       0       140
400     1       1       0       248
401     0       0       1       801
401     1       1       0       282
402     0       1       1       171
402     1       1       1       839
403     0       0       1       942
403     1       0       0       340
404     0       0       0       141
404     1       1       1       863
405     0       0       1       108
405     1       1       1       795
406     0       1       0       809
406     1       0       0       971
407     0       1       0       129
407     1       0       0       154
408     0       0       0       731
408     1       1       1       516
409     0       1       1       74
409     1       1       1       878
410     0       0       1       793
410     1       0       1       577
411     0       0       1       641
411     1       1       1       691
412     0       0       1       492
412     1       0       1       305
413     0       1       0       731
413     1       1       0       318
414     0       1       1       696
414     1       1       0       735
415     0       1       1       540
415     1       1       0       584
416     0       0       1       714
416     1       1       0       391
417     0       1       0       136
417     1       1       1       211
418     0       0       1       360
418     1       0       0       296
419     0       1       1       193
419     1       1       1       753
420     0       1       0       879
420     1       1       0       41
421     0       0       1       590
421     1       0       0       263
422     0       0       0       936
422     1       0       1       167
423     0       0       0       523
423     1       0       1       275
424     0       0       1       166
424     1       1       1       393
425     0       1       1       173
425     1       1       1       463
426     0       0       1       131
426     1       1       0       556
427     0       1       0       668
427     1       0       1       951
428     0       1       0       11
428     1       0       1       242
429     0       1       0       90
429     1       0       1       457
430     0       0       0       932
430     1       0       1       518
431     0       1       0       91
431     1       1       0       930
432     0       1       0       827
432     1       0       1       69
433     0       1       0       276
433     1       1       0       833
434     0       0       1       364
434     1       1       0       374
435     0       0       1       755
435     1       1       1       69
436     0       1       0       199
436     1       0       1       966
437     0       1       0       685
437     1       0       1       78
438     0       1       1       489
438     1       0       0       126
439     0       1       1       948
439     1       1       0       678
440     0       0       0       972
440     1       0       0       599
441     0       1       1       733
441     1       1       1       48
442     0       0       1       306
442     1       1       0       526
443     0       1       1       614
443     1       1       0       400
444     0       1       0       120
444     1       0       1       91
445     0       1       1       571
445     1       1       0       398
446     0       1       0       396
446     1       1       0       281
447     0       0       1       995
447     1       0       1       586
448     0       1       0       898
448     1       0       1       759
449     0       0       1       988
449     1       0       1       328
450     0       1       1       543
450     1       1       1       5
451     0       1       1       615
451     1       1       1       568
452     0       0       0       358
452     1       0       0       875
453     0       1       0       49
453     1       1       0       647
454     0       1       1       482
454     1       1       1       141
455     0       1       1       31
455     1       1       1       824
456     0       1       0       992
456     1       0       0       934
457     0       0       1       986
457     1       0       0       58
458     0       0       0       151
458     1       1       0       64
459     0       0       0       510
459     1       1       0       570
460     0       0       1       175
460     1       1       1       618
461     0       1       1       383
461     1       1       1       54
462     0       0       0       414
462     1       0       0       745
463     0       0       1       910
463     1       1       1       731
464     0       0       0       682
464     1       0       1       206
465     0       1       1       366
465     1       0       0       475
466     0       0       0       264
466     1       1       1       605
467     0       1       1       606
467     1       1       0       228
468     0       0       1       89
468     1       0       1       635
469     0       1       0       654
469     1       1       0       525
470     0       0       0       471
470     1       1       0       680
471     0       0       1       550
471     1       1       1       920
472     0       0       0       952
472     1       0       0       13
473     0       1       0       523
473     1       1       1       737
474     0       0       1       116
474     1       0       0       210
475     0       1       1       201
475     1       0       1       615
476     0       0       1       659
476     1       0       1       889
477     0       1       1       213
477     1       1       0       415
478     0       1       0       666
478     1       1       0       708
479     0       1       1       620
479     1       0       1       386
480     0       1       1       511
480     1       1       0       664
481     0       0       1       671
481     1       0       0       467
482     0       1       0       277
482     1       0       0       350
483     0       1       1       643
483     1       1       0       927
484     0       1       1       771
484     1       1       1       620
485     0       1       0       0
485     1       1       1       728
486     0       1       1       460
486     1       1       1       683
487     0       0       1       502
487     1       1       0       856
488     0       1       1       974
488     1       1       0       250
489     0       0       0       945
489     1       1       0       837
490     0       1       0       966
490     1       0       0       543
491     0       0       0       210
491     1       1       1       193
492     0       1       0       591
492     1       0       0       319
493     0       0       1       544
493     1       1       0       500
494     0       1       1       331
494     1       1       0       14
495     0       0       0       203
495     1       0       1       562
496     0       0       1       973
496     1       0       0       147
497     0       0       1       3
497     1       1       1       883
498     0       0       1       808
498     1       0       1       149
499     0       1       0       31
499     1       1       0       642
500     0       1       1       76
500     1       1       1       589
501     0       0       1       731
501     1       1       1       441
502     0       1       0       266
502     1       0       1       878
503     0       1       1       469
503     1       1       0       716
504     0       0       1       855
504     1       0       1       743
505     0       0       0       36
505     1       0       0       987
506     0       0       0       403
506     1       1       0       501
507     0       0       0       721
507     1       0       0       189
508     0       1       1       731
508     1       1       0       517
509     0       1       0       381
509     1       1       0       564
510     0       1       0       97
510     1       1       0       368
511     0       0       1       466
511     1       1       0       299
512     0       1       0       183
512     1       1       1       307
513     0       0       0       404
513     1       0       1       6
514     0       0       0       992
514     1       0       0       194
515     0       0       1       123
515     1       0       1       749
516     0       1       1       287
516     1       0       1       590
517     0       1       1       842
517     1       0       0       953
518     0       0       1       201
518     1       1       1       180
519     0       0       0       912
519     1       0       0       444
520     0       1       1       755
520     1       0       1       275
521     0       1       1       151
521     1       1       1       479
522     0       1       0       307
522     1       1       1       278
523     0       0       0       477
523     1       1       0       632
524     0       1       1       202
524     1       1       1       265
525     0       0       1       36
525     1       1       0       498
526     0       0       1       311
526     1       0       1       117
527     0       1       0       476
527     1       1       1       121
528     0       1       0       3
528     1       0       1       968
529     0       1       0       276
529     1       1       0       311
530     0       0       0       73
530     1       1       0       409
531     0       0       0       695
531     1       0       1       115
532     0       0       1       239
532     1       1       1       31
533     0       0       0       37
533     1       0       0       338
534     0       1       0       528
534     1       0       1       333
535     0       1       1       406
535     1       1       1       672
536     0       0       1       802
536     1       1       1       405
537     0       0       1       351
537     1       0       0       543
538     0       1       1       624
538     1       0       1       574
539     0       0       0       517
539     1       0       0       777
540     0       0       0       431
540     1       0       0       898
541     0       0       0       715
541     1       0       1       998
542     0       0       0       836
542     1       0       1       392
543     0       0       0       152
543     1       0       1       587
544     0       0       0       475
544     1       1       0       204
545     0       1       0       285
545     1       1       1       707
546     0       1       0       19
546     1       1       0       722
547     0       0       0       490
547     1       1       0       30
548     0       1       1       311
548     1       1       1       335
549     0       0       1       583
549     1       0       0       312
550     0       1       0       617
550     1       1       0       868
551     0       0       0       148
551     1       1       1       347
552     0       0       0       62
552     1       1       0       73
553     0       1       0       208
553     1       1       1       62
554     0       0       0       732
554     1       1       1       711
555     0       0       1       98
555     1       0       0       574
556     0       1       1       493
556     1       1       1       296
557     0       0       0       418
557     1       1       1       845
558     0       1       1       519
558     1       1       1       469
559     0       0       1       495
559     1       1       0       196
560     0       0       0       531
560     1       0       0       913
561     0       0       0       229
561     1       1       1       298
562     0       1       0       986
562     1       0       0       145
563     0       1       1       10
563     1       1       0       172
564     0       0       0       890
564     1       0       1       720
565     0       0       0       685
565     1       0       0       310
566     0       1       0       842
566     1       1       0       370
567     0       0       1       468
567     1       0       0       948
568     0       1       1       879
568     1       0       1       960
569     0       0       0       654
569     1       0       0       331
570     0       1       1       110
570     1       1       0       979
571     0       0       0       765
571     1       1       1       150
572     0       0       1       290
572     1       0       1       709
573     0       1       1       704
573     1       1       0       171
574     0       1       1       742
574     1       0       0       653
575     0       1       1       265
575     1       0       0       529
576     0       1       1       220
576     1       0       0       94
577     0       0       1       76
577     1       1       1       387
578     0       1       1       495
578     1       1       0       92
579     0       0       0       176
579     1       1       1       575
580     0       1       0       811
580     1       1       1       114
581     0       0       1       711
581     1       0       1       84
582     0       1       0       462
582     1       0       1       730
583     0       1       0       484
583     1       0       0       897
584     0       1       1       474
584     1       1       0       905
585     0       0       0       729
585     1       0       1       599
586     0       1       0       541
586     1       1       0       219
587     0       1       1       633
587     1       0       1       239
588     0       1       1       806
588     1       1       1       845
589     0       0       1       312
589     1       1       1       600
590     0       0       1       284
590     1       1       0       912
591     0       1       0       83
591     1       0       1       957
592     0       1       1       648
592     1       1       0       390
593     0       1       1       314
593     1       1       0       678
594     0       1       0       107
594     1       0       0       602
595     0       0       0       865
595     1       1       0       17
596     0       1       1       438
596     1       0       1       178
597     0       0       1       197
597     1       1       1       418
598     0       1       0       821
598     1       0       0       934
599     0       0       0       506
599     1       0       0       862
600     0       1       1       223
600     1       1       1       607
601     0       1       1       538
601     1       1       1       131
602     0       0       0       865
602     1       1       1       246
603     0       0       1       965
603     1       0       1       581
604     0       0       1       472
604     1       1       1       194
605     0       1       1       176
605     1       0       0       614
606     0       1       0       396
606     1       1       0       626
607     0       1       0       591
607     1       0       0       641
608     0       0       1       134
608     1       0       1       615
609     0       1       0       976
609     1       1       0       452
610     0       0       0       32
610     1       0       1       220
611     0       1       1       930
611     1       1       0       10
612     0       1       0       342
612     1       1       1       66
613     0       0       1       258
613     1       1       1       890
614     0       0       1       485
614     1       1       0       871
615     0       1       0       752
615     1       0       0       174
616     0       1       1       297
616     1       1       1       9
617     0       0       1       488
617     1       1       1       722
618     0       0       0       492
618     1       0       1       671
619     0       1       0       427
619     1       0       1       377
620     0       1       0       83
620     1       0       1       977
621     0       1       1       275
621     1       1       1       37
622     0       1       0       648
622     1       1       0       378
623     0       1       1       734
623     1       1       1       995
624     0       0       1       683
624     1       0       1       57
625     0       0       0       503
625     1       1       0       913
626     0       1       0       282
626     1       0       0       388
627     0       0       0       321
627     1       1       0       968
628     0       1       0       674
628     1       1       1       842
629     0       1       1       856
629     1       0       0       292
630     0       0       0       55
630     1       1       1       898
631     0       1       0       69
631     1       0       0       540
632     0       1       1       948
632     1       1       0       256
633     0       1       0       152
633     1       0       1       761
634     0       1       0       102
634     1       1       0       754
635     0       0       0       250
635     1       1       0       128
636     0       1       1       653
636     1       0       0       660
637     0       1       1       893
637     1       0       0       762
638     0       0       1       50
638     1       0       1       873
639     0       0       1       380
639     1       1       0       366
640     0       0       1       840
640     1       1       1       334
641     0       0       1       420
641     1       0       0       422
642     0       1       0       28
642     1       1       1       763
643     0       1       0       328
643     1       1       1       255
644     0       0       0       940
644     1       0       1       981
645     0       0       1       698
645     1       1       1       182
646     0       1       0       556
646     1       1       0       206
647     0       1       1       630
647     1       1       1       451
648     0       0       1       76
648     1       0       1       212
649     0       0       0       560
649     1       1       0       57
650     0       1       0       698
650     1       0       0       187
651     0       0       0       686
651     1       1       0       538
652     0       1       0       247
652     1       1       1       478
653     0       1       1       752
653     1       0       0       786
654     0       0       0       416
654     1       1       1       922
655     0       1       0       143
655     1       0       0       49
656     0       1       1       567
656     1       1       0       274
657     0       1       0       610
657     1       0       1       566
658     0       1       0       359
658     1       1       0       944
659     0       0       0       874
659     1       1       0       325
660     0       1       1       652
660     1       0       0       83
661     0       1       1       8
661     1       0       0       226
662     0       0       1       539
662     1       0       1       40
663     0       0       1       820
663     1       1       0       652
664     0       0       1       294
664     1       1       1       445
665     0       0       1       580
665     1       0       0       615
666     0       1       0       891
666     1       1       1       60
667     0       1       0       934
667     1       1       1       86
668     0       0       0       979
668     1       0       1       461
669     0       0       1       679
669     1       1       0       188
670     0       1       0       87
670     1       1       1       236
671     0       1       1       741
671     1       1       0       201
672     0       1       1       952
672     1       0       0       928
673     0       0       1       904
673     1       1       0       711
674     0       1       0       402
674     1       1       0       990
675     0       0       1       188
675     1       1       0       473
676     0       1       1       658
676     1       1       0       351
677     0       0       0       470
677     1       1       1       770
678     0       1       1       767
678     1       1       1       743
679     0       1       0       494
679     1       1       0       178
680     0       1       0       224
680     1       1       0       646
681     0       0       1       740
681     1       1       0       875
682     0       1       0       484
682     1       0       1       19
683     0       0       0       986
683     1       1       1       752
684     0       0       1       233
684     1       1       0       161
685     0       0       1       762
685     1       1       1       985
686     0       1       0       341
686     1       1       0       501
687     0       1       1       486
687     1       0       1       432
688     0       0       1       844
688     1       1       1       826
689     0       1       1       778
689     1       0       0       104
690     0       0       0       671
690     1       1       1       730
691     0       1       1       191
691     1       0       1       124
692     0       1       1       11
692     1       1       1       925
693     0       1       0       919
693     1       0       0       323
694     0       0       0       229
694     1       0       0       967
695     0       1       0       63
695     1       0       1       783
696     0       1       0       76
696     1       1       0       724
697     0       1       0       131
697     1       0       0       189
698     0       1       0       174
698     1       0       0       752
699     0       0       1       638
699     1       0       0       295
700     0       1       0       360
700     1       0       0       509
701     0       0       0       720
701     1       1       1       128
702     0       0       0       522
702     1       1       1       762
703     0       0       1       13
703     1       1       0       386
704     0       0       1       671
704     1       1       0       170
705     0       0       0       244
705     1       0       1       749
706     0       1       0       866
706     1       1       1       706
707     0       1       0       809
707     1       0       1       662
708     0       1       1       263
708     1       0       0       251
709     0       0       1       744
709     1       0       1       309
710     0       1       1       160
710     1       0       0       961
711     0       0       0       101
711     1       0       1       529
712     0       1       1       184
712     1       1       0       365
713     0       0       1       70
713     1       1       1       935
714     0       0       1       606
714     1       1       1       55
715     0       1       0       509
715     1       1       0       294
716     0       0       0       24
716     1       0       1       411
717     0       0       1       954
717     1       1       0       924
718     0       1       1       647
718     1       1       1       926
719     0       0       1       15
719     1       0       0       232
720     0       0       1       637
720     1       0       1       403
721     0       0       0       652
721     1       1       0       470
722     0       0       1       953
722     1       0       1       413
723     0       0       1       181
723     1       1       0       108
724     0       0       0       482
724     1       1       0       279
725     0       1       1       338
725     1       1       1       102
726     0       1       0       829
726     1       1       1       643
727     0       1       1       433
727     1       0       1       220
728     0       1       0       616
728     1       0       0       338
729     0       1       0       239
729     1       1       1       722
730     0       0       1       412
730     1       0       1       261
731     0       0       1       833
731     1       0       0       178
732     0       1       0       659
732     1       1       1       929
733     0       1       0       576
733     1       1       0       121
734     0       1       1       595
734     1       1       0       597
735     0       0       1       57
735     1       0       0       721
736     0       1       1       578
736     1       1       1       419
737     0       1       1       290
737     1       0       1       969
738     0       1       0       551
738     1       1       0       207
739     0       1       1       53
739     1       1       0       286
740     0       1       0       436
740     1       0       1       607
741     0       1       0       787
741     1       0       0       3
742     0       1       1       910
742     1       1       1       498
743     0       0       1       644
743     1       0       0       107
744     0       1       0       71
744     1       0       1       324
745     0       0       0       442
745     1       0       0       979
746     0       1       0       68
746     1       1       1       301
747     0       0       1       532
747     1       0       1       948
748     0       1       1       79
748     1       0       1       616
749     0       0       0       651
749     1       0       0       167
750     0       1       1       946
750     1       0       1       427
751     0       0       1       323
751     1       0       1       633
752     0       1       0       203
752     1       0       1       430
753     0       1       0       182
753     1       1       1       782
754     0       0       1       193
754     1       0       0       472
755     0       1       1       318
755     1       0       0       312
756     0       0       1       153
756     1       0       0       955
757     0       1       1       605
757     1       0       1       443
758     0       0       1       146
758     1       1       1       44
759     0       0       1       32
759     1       0       0       309
760     0       0       0       79
760     1       1       1       759
761     0       0       1       120
761     1       1       1       491
762     0       0       1       849
762     1       1       1       852
763     0       1       0       308
763     1       1       1       794
764     0       1       0       80
764     1       0       0       463
765     0       1       0       481
765     1       0       0       209
766     0       1       1       716
766     1       1       0       674
767     0       0       1       828
767     1       1       0       82
768     0       0       0       879
768     1       0       0       135
769     0       0       1       800
769     1       0       1       306
770     0       1       0       62
770     1       1       0       150
771     0       0       0       298
771     1       0       1       717
772     0       0       0       646
772     1       0       0       444
773     0       1       1       712
773     1       0       0       99
774     0       1       1       87
774     1       1       1       478
775     0       0       0       422
775     1       0       0       415
776     0       0       1       729
776     1       0       1       499
777     0       0       1       34
777     1       1       0       534
778     0       1       1       991
778     1       1       1       786
779     0       0       1       509
779     1       1       0       399
780     0       1       1       776
780     1       1       1       3
781     0       1       0       720
781     1       0       1       808
782     0       1       1       236
782     1       1       0       965
783     0       1       1       497
783     1       0       0       572
784     0       0       1       460
784     1       1       1       851
785     0       1       0       199
785     1       0       0       719
786     0       0       0       953
786     1       0       0       2
787     0       1       0       766
787     1       0       1       673
788     0       0       0       47
788     1       0       0       837
789     0       0       1       835
789     1       0       0       632
790     0       0       1       489
790     1       0       1       337
791     0       0       1       227
791     1       1       1       186
792     0       0       1       263
792     1       0       0       254
793     0       1       1       587
793     1       1       0       139
794     0       1       0       836
794     1       0       1       803
795     0       0       0       859
795     1       1       1       495
796     0       0       0       250
796     1       1       0       702
797     0       1       1       88
797     1       0       1       134
798     0       0       1       947
798     1       1       0       279
799     0       0       1       402
799     1       1       1       686
800     0       1       1       902
800     1       0       0       77
801     0       0       0       625
801     1       0       0       361
802     0       1       1       567
802     1       0       1       475
803     0       0       0       61
803     1       0       0       385
804     0       0       1       416
804     1       0       0       309
805     0       0       1       988
805     1       1       0       51
806     0       0       1       816
806     1       1       0       67
807     0       0       1       959
807     1       0       0       934
808     0       1       1       857
808     1       1       1       192
809     0       1       0       397
809     1       0       1       911
810     0       0       1       682
810     1       0       0       689
811     0       1       0       464
811     1       1       1       485
812     0       1       1       933
812     1       0       0       812
813     0       0       1       659
813     1       1       1       894
814     0       1       0       920
814     1       1       0       127
815     0       1       0       743
815     1       0       1       468
816     0       1       0       475
816     1       1       0       80
817     0       0       1       439
817     1       1       1       424
818     0       0       0       121
818     1       0       0       397
819     0       0       0       208
819     1       0       1       186
820     0       0       1       88
820     1       1       0       213
821     0       0       0       600
821     1       0       1       616
822     0       0       1       996
822     1       1       0       436
823     0       1       1       980
823     1       0       1       903
824     0       1       0       333
824     1       1       1       788
825     0       1       1       276
825     1       1       0       598
826     0       1       0       443
826     1       0       0       58
827     0       0       0       516
827     1       0       0       156
828     0       0       1       766
828     1       0       0       3
829     0       0       0       363
829     1       0       1       38
830     0       1       0       403
830     1       1       0       266
831     0       1       0       933
831     1       1       1       741
832     0       1       1       545
832     1       0       0       981
833     0       1       0       584
833     1       0       0       129
834     0       1       0       126
834     1       1       0       556
835     0       1       0       257
835     1       0       1       311
836     0       0       1       253
836     1       0       1       903
837     0       0       0       144
837     1       0       0       464
838     0       0       0       618
838     1       1       0       698
839     0       1       1       720
839     1       1       1       343
840     0       0       1       816
840     1       1       0       700
841     0       1       0       698
841     1       0       1       158
842     0       1       0       987
842     1       1       0       235
843     0       1       0       678
843     1       0       0       957
844     0       1       0       251
844     1       0       0       87
845     0       0       0       526
845     1       0       1       151
846     0       1       1       178
846     1       0       1       346
847     0       0       1       531
847     1       0       0       524
848     0       0       0       590
848     1       1       0       504
849     0       0       1       41
849     1       1       1       425
850     0       0       1       131
850     1       0       1       650
851     0       1       0       412
851     1       1       0       354
852     0       1       1       274
852     1       0       0       830
853     0       1       0       303
853     1       0       1       67
854     0       1       0       131
854     1       0       0       643
855     0       0       1       231
855     1       0       1       659
856     0       1       0       486
856     1       1       1       7
857     0       0       0       188
857     1       1       0       821
858     0       1       0       96
858     1       1       1       985
859     0       1       1       66
859     1       0       0       671
860     0       0       0       11
860     1       1       1       503
861     0       1       1       933
861     1       0       0       596
862     0       1       0       685
862     1       1       0       492
863     0       0       1       178
863     1       0       1       814
864     0       0       0       210
864     1       1       1       76
865     0       0       1       889
865     1       1       0       804
866     0       0       0       264
866     1       1       0       351
867     0       1       1       611
867     1       1       0       194
868     0       1       0       695
868     1       0       1       745
869     0       0       0       46
869     1       0       1       532
870     0       1       0       891
870     1       0       1       658
871     0       0       1       149
871     1       0       1       259
872     0       1       0       899
872     1       1       1       516
873     0       0       1       619
873     1       0       0       769
874     0       0       1       554
874     1       1       1       828
875     0       1       0       179
875     1       0       1       625
876     0       1       0       663
876     1       1       1       956
877     0       1       0       562
877     1       1       0       177
878     0       0       1       902
878     1       1       0       214
879     0       1       1       806
879     1       0       1       998
880     0       0       1       594
880     1       1       1       907
881     0       1       1       220
881     1       1       0       509
882     0       1       1       894
882     1       0       0       609
883     0       1       0       367
883     1       1       0       344
884     0       0       1       701
884     1       1       1       347
885     0       0       0       346
885     1       1       1       727
886     0       1       1       596
886     1       0       1       860
887     0       0       1       540
887     1       1       0       537
888     0       0       0       28
888     1       0       1       998
889     0       1       0       640
889     1       0       1       231
890     0       0       0       2
890     1       0       0       862
891     0       0       0       120
891     1       0       1       461
892     0       0       0       224
892     1       0       0       338
893     0       1       1       330
893     1       0       1       717
894     0       1       1       416
894     1       0       1       635
895     0       0       0       440
895     1       0       1       752
896     0       0       0       355
896     1       0       1       565
897     0       0       0       363
897     1       0       0       263
898     0       0       1       906
898     1       1       0       253
899     0       1       1       439
899     1       1       1       473
900     0       1       0       14
900     1       1       0       758
901     0       1       1       342
901     1       0       0       142
902     0       0       1       395
902     1       0       1       355
903     0       1       0       9
903     1       0       1       286
904     0       1       1       674
904     1       1       1       91
905     0       1       0       94
905     1       0       0       824
906     0       1       1       806
906     1       1       0       471
907     0       0       1       861
907     1       0       0       430
908     0       1       0       996
908     1       0       0       388
909     0       1       1       764
909     1       1       1       681
910     0       1       0       601
910     1       1       0       821
911     0       0       1       602
911     1       1       0       101
912     0       1       0       797
912     1       1       1       659
913     0       1       0       667
913     1       1       1       959
914     0       0       0       953
914     1       0       1       913
915     0       1       1       925
915     1       1       0       173
916     0       1       1       189
916     1       0       1       580
917     0       1       0       689
917     1       1       0       375
918     0       1       1       716
918     1       1       0       497
919     0       1       0       599
919     1       1       1       18
920     0       0       1       897
920     1       0       1       520
921     0       0       1       836
921     1       1       1       43
922     0       1       0       44
922     1       0       0       366
923     0       0       1       30
923     1       1       1       886
924     0       1       1       442
924     1       0       1       476
925     0       0       0       388
925     1       1       1       606
926     0       0       0       782
926     1       1       1       154
927     0       0       1       851
927     1       1       0       849
928     0       0       1       355
928     1       1       0       887
929     0       0       1       160
929     1       0       1       984
930     0       0       0       772
930     1       0       1       399
931     0       1       0       207
931     1       1       0       189
932     0       0       1       19
932     1       1       1       502
933     0       1       1       405
933     1       1       1       844
934     0       1       0       329
934     1       1       0       528
935     0       0       1       2
935     1       1       1       815
936     0       1       0       90
936     1       1       0       814
937     0       1       1       41
937     1       1       1       344
938     0       0       1       570
938     1       0       0       591
939     0       1       1       391
939     1       0       0       39
940     0       0       1       973
940     1       1       1       570
941     0       0       0       854
941     1       0       0       567
942     0       1       1       241
942     1       0       1       253
943     0       1       1       31
943     1       1       1       796
944     0       1       0       937
944     1       1       1       656
945     0       0       0       469
945     1       1       0       778
946     0       1       1       394
946     1       1       1       550
947     0       0       1       389
947     1       1       0       963
948     0       0       1       695
948     1       0       1       156
949     0       1       0       661
949     1       1       1       256
950     0       1       0       774
950     1       0       1       969
951     0       1       0       340
951     1       1       0       4
952     0       0       0       254
952     1       1       0       680
953     0       0       0       766
953     1       0       1       374
954     0       0       1       204
954     1       1       1       507
955     0       0       0       695
955     1       0       0       140
956     0       1       0       806
956     1       0       1       325
957     0       1       1       435
957     1       1       1       34
958     0       0       1       877
958     1       1       1       176
959     0       0       1       585
959     1       0       0       271
960     0       1       1       885
960     1       0       1       997
961     0       0       0       382
961     1       0       0       80
962     0       0       0       691
962     1       0       0       280
963     0       0       0       224
963     1       0       1       805
964     0       0       0       249
964     1       0       1       957
965     0       0       0       899
965     1       0       1       855
966     0       0       0       552
966     1       1       0       646
967     0       1       0       957
967     1       1       1       116
968     0       1       0       863
968     1       1       0       988
969     0       0       0       944
969     1       1       0       145
970     0       1       1       687
970     1       1       1       779
971     0       0       1       736
971     1       0       0       242
972     0       1       0       755
972     1       1       0       889
973     0       0       0       842
973     1       1       1       261
974     0       0       0       239
974     1       1       0       428
975     0       1       0       948
975     1       1       1       409
976     0       0       0       397
976     1       1       1       469
977     0       0       1       451
977     1       0       0       952
978     0       1       1       250
978     1       1       1       533
979     0       0       0       534
979     1       1       1       502
980     0       1       1       503
980     1       1       1       729
981     0       0       1       677
981     1       1       0       269
982     0       0       0       160
982     1       0       0       666
983     0       0       0       553
983     1       1       1       796
984     0       1       0       312
984     1       0       0       696
985     0       1       1       713
985     1       1       0       149
986     0       0       0       866
986     1       0       1       895
987     0       0       0       776
987     1       0       0       833
988     0       1       0       436
988     1       1       0       432
989     0       0       1       912
989     1       0       0       346
990     0       1       1       182
990     1       0       1       520
991     0       0       0       83
991     1       0       0       603
992     0       1       1       446
992     1       1       0       136
993     0       0       0       958
993     1       1       1       846
994     0       0       1       616
994     1       0       1       962
995     0       1       1       174
995     1       1       0       685
996     0       1       1       902
996     1       0       0       221
997     0       1       1       264
997     1       0       0       574
998     0       1       1       935
998     1       0       0       676
999     0       0       1       303
999     1       1       1       357
1000    0       1       1       208
1000    1       1       0       575

Fitness Score       : 2794.779
Halted              : T
Sigma               : 18
Shifts              : 951
Last State          : 0
Last Position       : 1
Length Traversed    : 27
Avg Block Size      : 2.5714285
Max Block Size      : 7
Condensed Tape: (2 2 1 3 7 1 2)
**************************************************
