
******** Search completed in 166.471 secs ********

Population size  : 200
Generations      : 20
Mutation Rate    : 1/5
Machine States   : 1000
Shift Limit      : 1000
Fitness weights: 
  Weight a   : 1/50
  Weight b   : 1/20
  Weight c   : 1/50
  Weight d   : 1/30
  Weight e   : 1200
  Weight f   : 1/50
  Weight g   : 1/30
  Weight h   : 1
  Weight i   : 700

**************************************************


******************* best fit *********************
Machine #: (1 0 667 1 1 124 0 1 847 1 0 79 1 1 905 0 1 797 0 0 495 0 0 517 0 0 206 0 1 248
 1 1 20 0 1 211 1 1 175 0 1 307 0 1 263 0 1 826 0 0 210 0 1 300 1 0 17 1 0 170
 0 0 718 0 1 74 0 1 432 1 0 546 1 0 576 0 1 962 1 0 604 0 0 625 1 0 856 1 1 294
 0 0 847 0 1 559 1 0 479 0 1 62 1 1 711 0 0 929 1 0 303 1 0 109 1 0 821 0 0 253
 0 0 773 0 1 746 1 0 656 1 1 919 1 0 478 0 1 872 1 0 895 1 1 115 0 0 719 0 0
 145 1 1 135 1 1 112 0 0 528 0 0 683 0 1 656 1 0 294 1 1 56 0 0 83 1 0 545 1 0
 470 0 0 324 0 1 34 0 0 784 1 0 351 1 0 763 0 1 868 0 1 600 0 1 223 1 0 716 0 0
 241 0 1 205 0 0 743 0 0 680 0 0 917 1 1 117 0 1 575 0 1 646 0 1 910 1 1 677 0
 0 445 0 0 793 1 1 230 1 0 589 0 1 954 0 0 164 1 0 987 0 1 327 0 1 97 1 1 559 1
 0 270 1 1 25 1 0 469 0 0 226 1 0 795 0 1 976 1 0 143 0 0 554 0 0 570 0 1 137 0
 1 931 1 0 33 0 0 171 1 0 18 0 1 856 0 1 401 0 1 871 0 1 251 0 0 34 0 0 910 0 1
 968 0 0 276 0 0 968 0 1 439 1 0 586 1 0 43 1 0 62 0 0 314 0 0 17 0 0 907 0 1
 257 1 0 993 0 1 316 1 0 740 0 1 926 1 0 147 0 0 521 0 0 860 0 1 483 0 1 955 0
 0 448 0 1 196 0 1 422 1 0 898 0 1 295 1 1 873 0 1 747 1 0 836 0 1 748 0 1 220
 1 0 712 1 1 417 0 1 961 0 0 829 1 1 718 1 0 847 1 1 574 1 0 546 0 1 194 0 0
 553 1 0 987 0 1 218 1 1 495 1 1 660 0 0 754 0 1 900 1 1 35 1 0 666 1 0 824 0 0
 589 1 1 795 0 1 235 0 0 451 1 0 967 0 0 454 0 0 469 0 1 363 0 0 639 1 0 275 1
 1 792 0 1 739 0 1 273 1 0 247 0 0 733 0 1 258 1 0 121 0 1 607 0 0 116 1 1 425
 1 0 242 0 1 444 0 0 953 1 0 168 1 0 400 0 0 950 1 0 330 1 1 34 1 0 904 0 1 774
 0 1 726 1 0 495 0 1 398 0 1 534 1 0 481 0 1 121 0 0 661 0 0 198 0 1 164 1 1 2
 0 1 507 0 1 300 1 1 449 1 1 100 0 1 734 0 1 535 0 0 311 1 0 601 1 0 934 0 0
 833 1 1 766 0 0 873 1 1 287 0 0 353 0 0 525 0 0 376 0 0 897 1 1 380 0 1 780 0
 1 722 1 1 732 0 1 881 0 0 623 0 0 628 0 1 986 1 0 479 0 1 896 0 1 663 1 1 510
 1 1 628 0 1 160 1 0 427 0 1 92 0 1 167 1 0 848 1 0 977 1 0 399 1 1 414 0 0 888
 0 0 29 1 0 226 0 1 306 0 0 917 0 0 118 0 0 783 1 1 248 1 1 348 1 0 664 0 0 762
 0 0 951 0 1 976 0 1 263 1 0 313 1 0 294 1 0 204 1 1 429 1 1 574 1 0 595 0 1
 341 0 0 793 0 0 626 1 1 183 1 0 968 0 0 331 1 0 315 0 0 676 1 0 442 0 0 673 1
 0 106 1 1 964 0 1 450 1 1 805 0 0 144 0 1 528 1 0 850 1 1 123 1 1 931 1 1 671
 1 1 56 1 1 366 0 0 882 0 0 884 1 1 505 0 1 555 1 0 888 1 0 28 0 1 509 1 1 61 1
 1 256 1 1 941 0 1 687 0 0 967 0 0 211 0 1 918 0 0 42 1 1 398 1 0 102 0 1 568 1
 1 783 0 0 976 1 1 566 0 0 471 1 0 816 0 0 674 1 0 100 0 0 741 0 1 430 1 0 581
 1 0 491 1 1 434 0 1 687 1 1 957 1 1 214 1 1 188 1 1 729 1 1 614 1 1 917 0 0
 874 0 1 513 0 1 874 0 1 315 0 1 327 0 0 582 0 1 640 0 0 792 1 1 70 0 0 724 1 1
 497 1 1 84 1 1 925 1 1 164 0 1 244 1 1 55 0 1 70 1 1 189 0 0 227 1 1 14 1 1 52
 0 1 541 1 1 476 1 0 970 0 1 409 0 1 328 1 1 197 0 1 679 0 0 776 0 1 802 0 1
 996 1 1 84 1 1 945 1 0 152 1 0 569 0 1 132 0 0 517 1 1 384 1 0 611 1 0 396 1 1
 518 0 0 176 0 0 96 0 1 299 0 1 425 1 0 406 1 1 691 0 0 362 0 0 137 1 1 740 0 0
 940 0 0 672 0 0 772 0 1 98 0 0 206 1 1 276 1 0 946 0 1 717 1 1 814 0 0 429 0 1
 42 1 0 738 0 1 1 0 1 177 1 0 369 1 0 564 0 1 120 1 0 774 1 0 481 1 0 618 1 0
 594 0 0 516 0 1 760 0 1 290 0 1 861 1 1 281 0 1 863 1 1 54 0 1 361 0 1 196 0 0
 874 0 1 779 0 0 982 1 0 683 0 1 296 1 1 965 1 0 95 0 0 470 0 1 668 0 0 71 1 1
 159 0 1 316 0 1 837 1 0 684 1 1 192 1 1 818 0 0 695 0 0 162 0 0 187 0 0 475 1
 1 212 0 1 626 1 1 700 0 0 457 0 1 759 1 0 343 0 1 585 1 0 378 1 1 869 1 1 761
 1 1 243 0 0 798 1 1 156 0 1 425 1 0 875 0 0 893 0 0 763 1 1 895 0 1 353 0 0
 408 0 1 505 1 1 379 0 1 348 0 0 858 1 1 549 1 0 278 0 1 661 0 1 942 1 1 20 1 0
 646 1 1 166 0 1 494 1 1 947 1 1 113 0 0 118 0 0 132 1 1 80 1 1 940 0 1 922 1 0
 861 1 0 144 1 1 127 0 0 171 1 0 78 0 1 760 0 0 643 0 1 156 0 0 873 0 1 421 1 1
 288 1 1 586 1 0 949 1 1 63 1 1 389 1 0 162 1 1 864 1 0 753 0 1 821 1 1 153 1 0
 523 1 1 617 1 0 227 1 1 88 0 0 547 1 0 831 0 1 3 0 1 202 1 1 866 0 1 737 0 0
 483 1 0 580 0 1 538 0 1 76 0 1 226 1 0 128 1 1 494 1 0 779 1 1 618 1 1 94 0 0
 42 0 1 831 1 1 683 0 0 816 1 1 477 0 1 216 1 1 745 0 1 222 0 0 633 0 1 897 0 0
 688 1 0 620 0 0 845 0 1 956 0 1 121 1 0 671 0 1 222 1 1 982 1 0 889 0 0 406 0
 1 477 1 0 317 0 0 519 0 0 683 0 0 966 1 1 332 1 1 408 0 0 103 1 0 916 1 0 560
 1 1 254 1 0 279 1 1 107 0 1 19 1 0 228 0 0 708 0 1 653 0 1 677 1 1 666 0 0 676
 1 1 209 0 1 744 1 0 617 1 1 135 1 1 90 1 0 488 0 1 585 0 0 184 0 1 711 0 1 78
 1 1 597 1 1 214 0 0 105 1 1 541 1 1 181 1 1 302 1 0 756 0 0 209 1 1 237 1 0
 574 1 0 28 0 1 933 1 1 325 0 1 452 1 0 225 0 0 361 1 1 457 1 1 765 0 0 985 1 0
 970 1 1 250 0 1 321 0 1 764 1 1 217 1 0 851 0 0 422 0 0 378 0 0 73 1 0 365 0 0
 9 0 0 83 1 0 144 1 0 370 1 0 690 0 0 32 1 1 80 1 0 890 0 0 677 0 1 779 0 0 8 1
 0 5 0 0 28 0 1 857 0 0 354 1 0 7 1 0 121 0 1 68 0 1 672 1 1 773 0 0 441 0 0
 565 1 1 75 0 0 829 1 0 691 1 0 502 0 0 718 1 1 856 0 1 439 1 0 876 1 1 598 1 1
 507 0 1 513 0 0 401 1 1 889 0 0 913 1 1 324 0 0 132 0 0 250 0 1 397 1 0 790 0
 0 750 0 1 651 0 1 229 1 0 448 0 1 279 0 1 691 1 1 801 1 1 597 1 0 942 1 1 475
 0 0 638 0 1 969 1 1 565 1 1 753 0 0 113 1 0 844 0 0 227 0 1 892 0 1 837 1 1
 355 0 1 460 1 0 393 0 0 550 0 1 874 0 0 267 0 1 246 0 0 948 0 1 127 1 0 903 0
 0 937 1 0 206 0 0 839 1 0 452 1 0 510 1 0 406 0 0 916 0 0 357 0 0 4 0 0 318 1
 1 968 0 0 89 1 0 883 0 0 727 0 1 536 1 1 708 1 0 364 1 1 627 0 0 971 1 0 577 0
 1 952 0 1 257 0 0 218 0 1 885 1 1 428 0 0 384 0 0 905 0 1 280 0 1 330 1 0 729
 1 0 53 1 1 750 0 1 755 0 0 698 1 1 263 1 0 2 0 1 646 0 1 499 0 1 772 1 1 358 0
 1 644 0 1 527 1 1 481 0 0 488 0 1 109 0 1 957 1 1 337 0 0 60 0 0 913 0 1 293 1
 0 349 0 0 217 1 0 45 0 1 42 1 0 795 0 1 653 0 0 881 1 1 234 1 1 781 0 0 213 0
 0 567 0 1 104 0 0 357 0 0 567 1 1 729 1 0 299 0 0 991 1 1 469 1 0 899 0 0 426
 0 0 102 0 1 138 1 0 614 1 1 987 0 1 512 1 0 274 0 0 669 1 1 757 0 1 317 1 1
 689 0 1 334 0 1 782 1 0 177 0 1 673 0 1 961 1 0 972 1 0 619 1 0 835 1 0 425 1
 0 989 1 0 179 1 0 416 1 0 798 0 0 841 0 1 889 0 0 286 1 1 7 0 0 532 0 0 551 1
 1 764 1 1 926 0 0 452 0 0 588 1 0 904 1 1 834 0 0 664 1 0 968 1 0 881 0 1 693
 1 0 936 1 1 226 0 0 991 0 0 774 0 1 909 1 0 810 0 1 298 0 1 607 0 0 393 0 1
 326 1 1 90 0 1 969 0 1 881 1 0 312 0 0 547 0 0 248 1 1 487 0 0 309 1 1 770 0 0
 741 0 0 436 1 1 896 0 1 438 1 0 902 1 1 844 1 0 964 0 1 830 0 0 830 1 1 682 1
 0 572 1 1 106 1 0 797 0 1 520 1 1 648 0 0 609 0 1 537 1 0 477 1 1 420 0 1 535
 1 0 304 1 1 659 0 1 256 0 0 469 0 0 85 0 0 974 0 1 647 1 1 44 0 1 651 1 1 589
 0 1 30 0 1 461 0 1 67 0 0 29 0 1 78 1 0 823 1 0 631 0 0 675 0 1 318 0 1 749 1
 0 724 1 0 925 0 1 42 1 0 637 0 0 721 1 0 483 1 1 59 0 0 915 0 1 497 1 0 868 0
 1 813 1 1 948 0 0 624 1 0 990 1 0 429 1 0 307 0 0 718 0 0 451 0 1 319 1 0 931
 1 1 133 1 0 658 0 1 690 1 0 207 1 1 775 0 0 43 0 0 891 1 1 554 1 1 766 0 0 455
 0 0 848 0 1 294 1 0 419 1 1 558 0 0 541 1 0 248 1 0 405 0 0 45 0 1 529 0 0 764
 1 0 747 1 0 645 0 1 263 0 1 802 0 1 143 1 0 838 0 0 40 0 1 433 0 0 300 0 0 408
 0 0 101 1 1 713 0 1 903 0 1 794 0 1 27 1 1 104 0 0 313 0 0 814 1 1 205 1 0 226
 0 1 355 0 0 340 1 0 774 0 1 957 0 1 925 1 1 9 1 0 774 1 1 144 1 0 228 0 0 541
 1 0 657 0 1 139 1 0 2 0 0 181 0 0 733 0 1 562 0 1 962 1 0 381 0 0 702 1 0 787
 0 1 765 0 1 180 0 1 434 0 1 465 0 0 301 0 0 491 0 1 812 0 0 958 0 0 901 0 1
 708 1 0 374 1 0 914 1 0 961 0 0 506 0 0 533 0 0 711 0 1 177 1 0 508 0 1 46 1 0
 749 0 1 272 1 0 16 0 0 788 0 0 218 0 1 203 0 1 122 0 0 682 0 1 970 0 1 252 1 0
 238 0 1 524 1 1 420 0 1 313 1 0 704 0 1 470 0 1 667 1 0 846 1 1 320 0 1 843 0
 0 326 1 1 105 1 0 624 1 1 833 1 0 831 0 1 295 0 0 696 1 0 467 0 1 837 1 1 173
 1 1 149 0 0 923 0 1 373 1 1 148 1 0 561 1 0 616 0 0 859 1 1 937 0 1 111 0 0
 241 1 0 630 0 0 221 0 0 663 0 1 599 0 0 358 1 0 226 1 1 221 0 1 961 0 1 463 1
 0 580 0 0 435 0 1 279 1 0 942 0 1 170 0 0 158 1 1 494 1 0 779 0 1 619 0 0 345
 1 0 159 1 0 539 0 0 37 1 0 295 1 1 90 1 0 612 0 1 124 0 1 793 1 0 958 0 1 594
 0 1 759 1 0 354 0 1 602 0 0 445 0 0 520 0 1 504 1 1 958 0 1 382 0 1 177 1 1
 199 1 1 727 0 1 139 0 1 688 0 0 775 1 0 112 1 0 401 0 0 935 1 1 146 0 0 211 1
 1 63 0 0 917 0 0 973 0 0 447 0 0 670 1 1 928 0 1 97 0 1 258 1 1 206 0 1 890 0
 0 11 0 0 822 0 1 367 1 0 603 0 1 873 0 1 740 1 1 42 1 1 286 0 1 500 1 0 991 0
 1 24 0 1 96 1 0 763 1 0 55 1 0 672 1 1 752 0 0 531 0 0 615 1 0 906 0 1 828 0 0
 996 0 0 525 0 0 485 1 1 497 1 1 684 1 0 420 0 0 519 0 0 568 0 1 766 0 1 999 1
 0 512 1 0 710 1 0 566 1 1 941 1 1 228 1 0 756 0 1 94 0 0 348 0 0 940 1 1 32 1
 0 28 0 0 672 1 0 556 0 0 570 1 0 321 0 0 877 1 0 659 1 1 585 0 1 615 1 1 730 0
 0 632 0 1 958 1 0 130 1 1 100 1 1 887 1 1 412 1 1 868 1 1 929 0 0 996 0 0 535
 1 1 584 0 1 49 1 0 494 1 0 562 0 1 455 1 1 748 1 1 134 1 1 979 0 1 70 0 0 403
 0 0 124 0 1 332 0 0 303 1 1 51 1 0 776 0 1 259 1 1 84 0 0 330 1 1 361 0 0 728
 1 0 438 0 0 509 1 0 559 0 0 293 0 1 924 1 0 382 1 0 695 1 1 431 0 1 799 1 1
 486 1 1 162 1 1 522 1 1 772 1 1 916 1 1 716 0 0 104 0 1 693 0 1 937 0 1 838 0
 1 38 0 0 70 0 1 391 0 0 290 1 1 716 0 0 159 1 1 507 1 1 261 1 1 199 1 1 754 0
 1 613 1 1 249 0 1 361 1 1 990 0 0 155 1 1 335 1 1 957 0 1 647 1 1 903 1 0 7 0
 1 80 0 1 703 1 1 41 0 1 539 0 0 170 0 1 371 0 1 291 1 1 347 1 1 178 1 0 916 1
 0 666 0 1 562 0 0 785 1 1 186 1 0 373 1 0 968 1 1 22 0 0 932 0 0 294 0 1 727 0
 1 463 1 0 772 1 1 828 0 0 994 0 0 875 1 1 332 0 0 150 0 0 493 0 0 154 0 1 362
 0 0 777 1 1 260 1 0 115 0 1 787 1 1 559 0 0 401 0 1 753 1 0 277 0 1 365 0 1
 571 1 0 645 1 0 5 0 1 461 1 0 252 1 0 702 1 0 895 1 0 434 0 0 596 0 1 486 0 1
 571 0 1 284 1 1 438 0 1 916 1 1 464 0 1 299 0 1 562 0 0 848 0 1 803 0 0 635 1
 0 802 0 1 107 1 1 509 1 0 733 0 0 95 0 1 186 0 0 131 1 1 232 0 1 21 0 1 128 1
 0 77 1 1 425 1 1 905 0 0 672 0 0 166 0 0 225 0 0 755 1 1 468 0 1 201 1 1 572 0
 0 595 0 0 439 1 0 921 1 1 487 1 1 514 0 1 582 0 0 450 1 1 343 0 0 563 1 0 532
 0 1 747 1 1 258 0 1 876 1 1 606 0 1 852 0 0 821 1 1 298 1 1 904 1 0 916 0 0
 564 0 0 344 1 1 819 0 0 595 1 1 885 0 1 437 1 1 870 1 0 944 0 0 127 1 0 473 1
 0 768 1 0 261 0 1 432 0 1 256 0 1 635 0 0 763 1 0 817 1 0 816 0 1 580 0 1 337
 0 0 409 0 1 372 1 0 429 0 0 144 0 1 484 1 0 176 1 0 87 1 0 840 0 0 427 1 0 633
 0 1 355 0 1 133 0 1 928 1 1 688 1 0 525 1 0 876 1 0 755 1 0 180 0 1 508 0 1
 190 0 1 432 0 0 399 1 0 188 1 0 318 0 1 527 0 0 137 0 0 806 0 1 880 0 1 681 1
 0 201 1 0 334 1 0 203 1 0 779 0 0 585 0 1 531 1 0 55 0 0 766 0 0 163 0 0 754 0
 1 359 1 0 243 0 0 513 1 0 7 1 0 106 0 0 820 0 0 676 1 1 542 1 0 114 1 1 534 1
 0 750 1 0 191 0 1 948 0 1 880 0 1 639 0 1 891 0 1 669 0 1 807 0 0 591 1 1 467
 0 1 398 0 0 90 1 1 974 0 1 656 1 0 511 1 1 883 0 0 696 0 0 964 0 1 972 1 0 660
 0 0 566 0 0 199 0 0 90 1 0 653 0 0 259 0 0 169 0 0 617 0 0 989 0 1 982 0 0 379
 0 1 915 1 0 746 0 1 485 0 0 624 0 1 237 1 0 528 1 1 422 0 0 304 1 1 605 0 0
 546 1 1 71 0 1 573 1 1 177 0 0 745 1 1 960 0 1 415 1 1 49 1 0 659 0 1 102 1 1
 35 1 1 14 0 0 254 0 0 613 0 0 999 1 0 821 1 1 866 1 0 803 1 0 45 1 0 444 0 0
 597 0 1 789 0 1 898 0 1 418 1 1 684 0 1 170 0 0 609 1 1 634 1 1 486 0 0 729 0
 1 782 0 0 318 0 1 969 0 1 61 0 1 199 0 0 824 1 0 314 1 0 971 0 0 8 1 1 856 0 0
 550 0 0 415 1 1 223 0 0 791 1 0 766 1 0 812 0 0 892 1 1 76 0 1 761 1 0 176 1 1
 791 1 1 444 0 1 978 0 0 214 1 1 441 0 0 618 1 1 772 0 0 500 0 0 989 0 1 541 1
 0 576 0 0 267 0 1 972 0 1 509 1 0 807 0 1 61 0 1 654 1 1 752 1 1 180 1 0 231 1
 1 833 0 0 4 0 1 524 1 1 171 1 1 167 0 0 428 1 0 146 0 0 447 0 1 110 0 1 849 1
 1 526 0 1 459 1 0 479 0 0 637 0 1 747 0 0 577 0 1 479 0 0 652 0 1 854 1 0 695
 0 0 564 1 0 959 0 0 944 1 0 382 1 0 976 1 0 546 0 0 297 0 0 889 0 0 143 0 0
 368 1 1 889 0 0 217 1 0 626 0 0 206 0 1 508 1 1 928 1 0 213 1 1 404 0 0 9 1 0
 24 0 1 618 0 1 456 0 0 429 0 1 483 1 1 871 0 0 574 0 0 635 0 1 795 0 1 986 1 0
 400 1 0 735 1 1 787 0 1 470 0 0 214 1 1 532 1 0 400 0 1 58 0 1 689 0 1 676 1 1
 510 0 1 689 0 1 972 1 1 681 0 0 948 0 1 187 0 1 453 1 1 654 0 0 523 0 0 981 0
 1 49 1 0 398 0 0 963 1 0 45 0 1 604 1 0 557 0 1 29 0 0 853 1 1 80 1 1 700 0 0
 307 0 0 556 0 1 436 0 0 159 0 0 198 1 1 960 1 0 44 0 0 410 1 1 538 1 0 14 0 0
 213 0 0 368 0 1 300 1 0 276 1 1 896 0 1 591 1 0 740 0 0 539 1 1 216 0 1 785 1
 1 231 0 1 75 0 1 151 1 0 830 0 1 841 0 1 902 1 0 18 1 0 902 1 0 265 1 0 341 1
 0 823 1 0 466 1 0 836 1 0 774 0 0 358 0 1 199 0 0 310 1 1 800 0 0 813 0 0 934
 1 1 341 1 1 833 0 0 383 0 0 497 1 0 619 1 1 475 0 0 76 1 0 12 1 0 102 0 1 631
 1 0 692 1 1 471 0 0 455 0 0 871 0 1 611 1 0 33 0 1 789 0 1 504 0 0 517 0 1 257
 1 1 351 0 1 768 0 1 96 1 0 388 0 0 85 0 0 403 1 1 692 0 0 572 1 1 773 0 0 94 0
 0 233 1 1 315 0 1 872 1 0 583 1 1 515 1 0 247 0 1 999 0 0 808 1 1 264 1 0 878
 1 1 263 1 0 991 0 1 461 1 1 282 0 0 992 0 1 868 1 0 43 1 1 150 0 1 283 1 0 669
 1 1 711 0 1 514 0 0 948 0 0 940 0 0 440 0 1 164 1 1 210 0 1 770 1 1 471 0 1
 706 0 1 855 0 1 475 0 0 825 0 1 316 1 0 225 1 0 165 0 0 191 0 0 183 0 0 602 0
 0 442 1 1 891 1 1 370 1 0 522 0 0 124 1 1 484 0 1 894 0 0 735 1 0 643 1 0 194
 0 1 268 1 1 670 0 1 72 1 1 773 1 0 681 1 1 411 1 0 374 0 1 260 0 1 737 1 0 446
 0 0 955 1 0 718 0 0 282 1 1 449 1 1 18 1 0 264 1 0 13 0 1 196 1 1 606 1 1 849
 1 0 673 0 0 971 1 1 49 1 0 569 0 1 491 1 1 922 1 1 811 0 0 374 0 1 938 0 1 873
 1 0 806 0 0 233 0 1 909 1 0 100 1 0 553 0 0 585 1 0 974 1 0 832 0 0 498 1 0
 714 1 1 929 1 1 3 0 1 950 0 0 775 1 1 138 0 0 379 1 0 445 0 1 623 1 1 852 0 1
 885 1 1 813 0 1 700 0 0 693 1 1 949 1 1 367 1 0 841 0 0 525 0 0 619 1 1 348 0
 0 227 1 1 359 0 1 605 1 1 42 1 0 600 0 0 525 1 0 248 1 0 82 1 0 84 0 1 312 0 1
 183 0 1 969 0 0 831 1 0 97 1 0 517 0 1 120 0 1 3 0 0 730 0 1 950 1 0 816 0 0
 823 0 1 916 1 0 460 1 0 8 1 0 906 0 0 23 1 0 721 0 1 255 0 1 438 0 1 629 1 1
 947 1 0 496 1 0 708 1 0 617 1 0 387 0 1 375 0 1 173 0 1 668 0 0 926 1 0 835 1
 0 542 0 1 604 0 0 171 0 0 347 0 1 984 0 1 460 1 0 969 1 0 924 1 0 344 1 0 126
 0 0 571 0 1 170 1 0 327 0 0 822 0 0 79 0 0 392 0 1 308 1 0 475 0 0 212 1 0 575
 1 0 517 0 0 660 0 0 507 1 1 64 1 0 224 1 1 114 1 0 324 1 0 818 0 1 853 0 1 110
 0 1 1 0 1 629 0 1 543 0 1 47 0 0 619 1 1 966 0 1 998 0 0 921 1 1 357 0 1 556 1
 0 10 1 1 201 0 0 448 0 0 541 0 1 606 1 0 541 0 0 16 0 0 652 0 0 652 1 0 700 0
 0 970 0 0 270 0 0 155 0 0 32 0 1 705 0 0 9 0 1 290 1 0 416 0 1 802 0 0 891 0 1
 119 1 0 400 1 1 199 0 0 986 1 1 91 0 0 312 1 1 853 0 1 705 1 1 884 0 0 894 1 1
 508 0 1 404 1 1 864 1 0 649 0 1 806 1 1 562 1 1 435 0 0 247 0 0 563 0 0 857 1
 0 134 1 1 324 1 0 3 1 0 781 1 0 847 0 0 985 0 1 838 0 1 954 0 1 256 1 1 114 0
 1 438 0 0 842 1 1 819 1 1 167 0 0 11 0 1 136 0 0 554 0 1 115 0 1 119 0 1 95 0
 0 490 1 0 623 1 0 21 0 0 537 1 1 563 0 0 992 0 0 984 1 1 448 0 0 342 1 0 622 1
 0 830 0 0 423 1 1 114 0 1 114 1 0 441 1 1 43 1 1 796 0 1 456 0 0 805 1 1 651 0
 0 345 1 1 83 0 0 638 0 0 370 0 1 356 1 0 971 0 0 567 0 1 727 0 1 417 1 0 381 0
 1 698 0 1 762 1 1 928 1 1 30 1 0 327 1 1 155 0 0 99 0 1 727 1 1 27 1 1 673 0 0
 933 1 0 111 0 0 147 0 1 838 0 1 419 1 1 906 0 1 74 1 0 459 0 0 400 0 1 807 0 0
 160 0 1 480 0 0 281 0 1 65 1 0 789 0 0 608 1 0 467 0 0 515 1 0 575 1 0 442 1 0
 766 0 0 65 0 0 144 0 0 834 0 0 453 1 1 41 0 0 383 1 0 307 0 0 108 0 1 54 1 1
 453 1 0 775 1 1 0 0 0 789 1 0 769 0 1 398 0 1 603 0 0 490 0 1 890 1 1 877 0 0
 142 0 0 910 0 1 792 0 1 165 1 0 634 1 0 332 1 1 937 0 1 518 0 0 648 1 1 392 1
 0 484 0 1 183 0 1 958 0 1 248 1 1 227 0 1 316 0 1 395 1 1 123 0 0 79 0 1 868 0
 1 247 1 1 647 0 0 168 0 0 166 0 1 967 1 0 129 0 0 251 1 0 687 0 1 362 1 0 972
 0 1 215 0 0 82 1 1 552 1 1 836 0 0 214 0 0 770 0 1 957 0 0 375 0 0 1 1 1 945 1
 0 75 0 0 258 1 1 575 1 0 18 0 0 578 0 0 3 0 1 765 1 0 195 1 1 832 0 1 708 1 0
 759 0 0 219 1 1 340 0 1 83 1 1 138 0 1 255 0 1 664 1 0 680 0 1 737 0 1 224 1 0
 221 1 0 536 1 0 84 1 0 194 1 0 357 1 0 955 1 0 629 1 0 77 0 0 50 0 1 892 0 0
 725 1 1 401 0 0 439 0 0 196 1 1 781 1 1 470 0 0 253 0 0 289 1 0 713 1 1 183 0
 0 115 1 0 55 1 0 319 0 1 874 1 0 5 1 1 885 0 0 726 0 0 222 0 1 216 1 0 753 0 1
 702 0 1 752 0 0 69 0 1 440 1 1 187 0 1 42 0 1 113 1 0 546 0 0 261 0 0 694 1 1
 543 0 0 880 1 1 182 0 0 29 0 0 142 1 1 891 0 1 949 1 0 775 1 1 156 1 0 850 0 1
 500 0 0 650 1 1 159 1 0 594 1 1 330 1 0 838 0 1 61 1 1 647 0 0 96 0 1 792)
States: 1000

State   Read    Write   Move    Next-State
1       0       1       0       667
1       1       1       1       124
2       0       0       1       847
2       1       1       0       79
3       0       1       1       905
3       1       0       1       797
4       0       0       0       495
4       1       0       0       517
5       0       0       0       206
5       1       0       1       248
6       0       1       1       20
6       1       0       1       211
7       0       1       1       175
7       1       0       1       307
8       0       0       1       263
8       1       0       1       826
9       0       0       0       210
9       1       0       1       300
10      0       1       0       17
10      1       1       0       170
11      0       0       0       718
11      1       0       1       74
12      0       0       1       432
12      1       1       0       546
13      0       1       0       576
13      1       0       1       962
14      0       1       0       604
14      1       0       0       625
15      0       1       0       856
15      1       1       1       294
16      0       0       0       847
16      1       0       1       559
17      0       1       0       479
17      1       0       1       62
18      0       1       1       711
18      1       0       0       929
19      0       1       0       303
19      1       1       0       109
20      0       1       0       821
20      1       0       0       253
21      0       0       0       773
21      1       0       1       746
22      0       1       0       656
22      1       1       1       919
23      0       1       0       478
23      1       0       1       872
24      0       1       0       895
24      1       1       1       115
25      0       0       0       719
25      1       0       0       145
26      0       1       1       135
26      1       1       1       112
27      0       0       0       528
27      1       0       0       683
28      0       0       1       656
28      1       1       0       294
29      0       1       1       56
29      1       0       0       83
30      0       1       0       545
30      1       1       0       470
31      0       0       0       324
31      1       0       1       34
32      0       0       0       784
32      1       1       0       351
33      0       1       0       763
33      1       0       1       868
34      0       0       1       600
34      1       0       1       223
35      0       1       0       716
35      1       0       0       241
36      0       0       1       205
36      1       0       0       743
37      0       0       0       680
37      1       0       0       917
38      0       1       1       117
38      1       0       1       575
39      0       0       1       646
39      1       0       1       910
40      0       1       1       677
40      1       0       0       445
41      0       0       0       793
41      1       1       1       230
42      0       1       0       589
42      1       0       1       954
43      0       0       0       164
43      1       1       0       987
44      0       0       1       327
44      1       0       1       97
45      0       1       1       559
45      1       1       0       270
46      0       1       1       25
46      1       1       0       469
47      0       0       0       226
47      1       1       0       795
48      0       0       1       976
48      1       1       0       143
49      0       0       0       554
49      1       0       0       570
50      0       0       1       137
50      1       0       1       931
51      0       1       0       33
51      1       0       0       171
52      0       1       0       18
52      1       0       1       856
53      0       0       1       401
53      1       0       1       871
54      0       0       1       251
54      1       0       0       34
55      0       0       0       910
55      1       0       1       968
56      0       0       0       276
56      1       0       0       968
57      0       0       1       439
57      1       1       0       586
58      0       1       0       43
58      1       1       0       62
59      0       0       0       314
59      1       0       0       17
60      0       0       0       907
60      1       0       1       257
61      0       1       0       993
61      1       0       1       316
62      0       1       0       740
62      1       0       1       926
63      0       1       0       147
63      1       0       0       521
64      0       0       0       860
64      1       0       1       483
65      0       0       1       955
65      1       0       0       448
66      0       0       1       196
66      1       0       1       422
67      0       1       0       898
67      1       0       1       295
68      0       1       1       873
68      1       0       1       747
69      0       1       0       836
69      1       0       1       748
70      0       0       1       220
70      1       1       0       712
71      0       1       1       417
71      1       0       1       961
72      0       0       0       829
72      1       1       1       718
73      0       1       0       847
73      1       1       1       574
74      0       1       0       546
74      1       0       1       194
75      0       0       0       553
75      1       1       0       987
76      0       0       1       218
76      1       1       1       495
77      0       1       1       660
77      1       0       0       754
78      0       0       1       900
78      1       1       1       35
79      0       1       0       666
79      1       1       0       824
80      0       0       0       589
80      1       1       1       795
81      0       0       1       235
81      1       0       0       451
82      0       1       0       967
82      1       0       0       454
83      0       0       0       469
83      1       0       1       363
84      0       0       0       639
84      1       1       0       275
85      0       1       1       792
85      1       0       1       739
86      0       0       1       273
86      1       1       0       247
87      0       0       0       733
87      1       0       1       258
88      0       1       0       121
88      1       0       1       607
89      0       0       0       116
89      1       1       1       425
90      0       1       0       242
90      1       0       1       444
91      0       0       0       953
91      1       1       0       168
92      0       1       0       400
92      1       0       0       950
93      0       1       0       330
93      1       1       1       34
94      0       1       0       904
94      1       0       1       774
95      0       0       1       726
95      1       1       0       495
96      0       0       1       398
96      1       0       1       534
97      0       1       0       481
97      1       0       1       121
98      0       0       0       661
98      1       0       0       198
99      0       0       1       164
99      1       1       1       2
100     0       0       1       507
100     1       0       1       300
101     0       1       1       449
101     1       1       1       100
102     0       0       1       734
102     1       0       1       535
103     0       0       0       311
103     1       1       0       601
104     0       1       0       934
104     1       0       0       833
105     0       1       1       766
105     1       0       0       873
106     0       1       1       287
106     1       0       0       353
107     0       0       0       525
107     1       0       0       376
108     0       0       0       897
108     1       1       1       380
109     0       0       1       780
109     1       0       1       722
110     0       1       1       732
110     1       0       1       881
111     0       0       0       623
111     1       0       0       628
112     0       0       1       986
112     1       1       0       479
113     0       0       1       896
113     1       0       1       663
114     0       1       1       510
114     1       1       1       628
115     0       0       1       160
115     1       1       0       427
116     0       0       1       92
116     1       0       1       167
117     0       1       0       848
117     1       1       0       977
118     0       1       0       399
118     1       1       1       414
119     0       0       0       888
119     1       0       0       29
120     0       1       0       226
120     1       0       1       306
121     0       0       0       917
121     1       0       0       118
122     0       0       0       783
122     1       1       1       248
123     0       1       1       348
123     1       1       0       664
124     0       0       0       762
124     1       0       0       951
125     0       0       1       976
125     1       0       1       263
126     0       1       0       313
126     1       1       0       294
127     0       1       0       204
127     1       1       1       429
128     0       1       1       574
128     1       1       0       595
129     0       0       1       341
129     1       0       0       793
130     0       0       0       626
130     1       1       1       183
131     0       1       0       968
131     1       0       0       331
132     0       1       0       315
132     1       0       0       676
133     0       1       0       442
133     1       0       0       673
134     0       1       0       106
134     1       1       1       964
135     0       0       1       450
135     1       1       1       805
136     0       0       0       144
136     1       0       1       528
137     0       1       0       850
137     1       1       1       123
138     0       1       1       931
138     1       1       1       671
139     0       1       1       56
139     1       1       1       366
140     0       0       0       882
140     1       0       0       884
141     0       1       1       505
141     1       0       1       555
142     0       1       0       888
142     1       1       0       28
143     0       0       1       509
143     1       1       1       61
144     0       1       1       256
144     1       1       1       941
145     0       0       1       687
145     1       0       0       967
146     0       0       0       211
146     1       0       1       918
147     0       0       0       42
147     1       1       1       398
148     0       1       0       102
148     1       0       1       568
149     0       1       1       783
149     1       0       0       976
150     0       1       1       566
150     1       0       0       471
151     0       1       0       816
151     1       0       0       674
152     0       1       0       100
152     1       0       0       741
153     0       0       1       430
153     1       1       0       581
154     0       1       0       491
154     1       1       1       434
155     0       0       1       687
155     1       1       1       957
156     0       1       1       214
156     1       1       1       188
157     0       1       1       729
157     1       1       1       614
158     0       1       1       917
158     1       0       0       874
159     0       0       1       513
159     1       0       1       874
160     0       0       1       315
160     1       0       1       327
161     0       0       0       582
161     1       0       1       640
162     0       0       0       792
162     1       1       1       70
163     0       0       0       724
163     1       1       1       497
164     0       1       1       84
164     1       1       1       925
165     0       1       1       164
165     1       0       1       244
166     0       1       1       55
166     1       0       1       70
167     0       1       1       189
167     1       0       0       227
168     0       1       1       14
168     1       1       1       52
169     0       0       1       541
169     1       1       1       476
170     0       1       0       970
170     1       0       1       409
171     0       0       1       328
171     1       1       1       197
172     0       0       1       679
172     1       0       0       776
173     0       0       1       802
173     1       0       1       996
174     0       1       1       84
174     1       1       1       945
175     0       1       0       152
175     1       1       0       569
176     0       0       1       132
176     1       0       0       517
177     0       1       1       384
177     1       1       0       611
178     0       1       0       396
178     1       1       1       518
179     0       0       0       176
179     1       0       0       96
180     0       0       1       299
180     1       0       1       425
181     0       1       0       406
181     1       1       1       691
182     0       0       0       362
182     1       0       0       137
183     0       1       1       740
183     1       0       0       940
184     0       0       0       672
184     1       0       0       772
185     0       0       1       98
185     1       0       0       206
186     0       1       1       276
186     1       1       0       946
187     0       0       1       717
187     1       1       1       814
188     0       0       0       429
188     1       0       1       42
189     0       1       0       738
189     1       0       1       1
190     0       0       1       177
190     1       1       0       369
191     0       1       0       564
191     1       0       1       120
192     0       1       0       774
192     1       1       0       481
193     0       1       0       618
193     1       1       0       594
194     0       0       0       516
194     1       0       1       760
195     0       0       1       290
195     1       0       1       861
196     0       1       1       281
196     1       0       1       863
197     0       1       1       54
197     1       0       1       361
198     0       0       1       196
198     1       0       0       874
199     0       0       1       779
199     1       0       0       982
200     0       1       0       683
200     1       0       1       296
201     0       1       1       965
201     1       1       0       95
202     0       0       0       470
202     1       0       1       668
203     0       0       0       71
203     1       1       1       159
204     0       0       1       316
204     1       0       1       837
205     0       1       0       684
205     1       1       1       192
206     0       1       1       818
206     1       0       0       695
207     0       0       0       162
207     1       0       0       187
208     0       0       0       475
208     1       1       1       212
209     0       0       1       626
209     1       1       1       700
210     0       0       0       457
210     1       0       1       759
211     0       1       0       343
211     1       0       1       585
212     0       1       0       378
212     1       1       1       869
213     0       1       1       761
213     1       1       1       243
214     0       0       0       798
214     1       1       1       156
215     0       0       1       425
215     1       1       0       875
216     0       0       0       893
216     1       0       0       763
217     0       1       1       895
217     1       0       1       353
218     0       0       0       408
218     1       0       1       505
219     0       1       1       379
219     1       0       1       348
220     0       0       0       858
220     1       1       1       549
221     0       1       0       278
221     1       0       1       661
222     0       0       1       942
222     1       1       1       20
223     0       1       0       646
223     1       1       1       166
224     0       0       1       494
224     1       1       1       947
225     0       1       1       113
225     1       0       0       118
226     0       0       0       132
226     1       1       1       80
227     0       1       1       940
227     1       0       1       922
228     0       1       0       861
228     1       1       0       144
229     0       1       1       127
229     1       0       0       171
230     0       1       0       78
230     1       0       1       760
231     0       0       0       643
231     1       0       1       156
232     0       0       0       873
232     1       0       1       421
233     0       1       1       288
233     1       1       1       586
234     0       1       0       949
234     1       1       1       63
235     0       1       1       389
235     1       1       0       162
236     0       1       1       864
236     1       1       0       753
237     0       0       1       821
237     1       1       1       153
238     0       1       0       523
238     1       1       1       617
239     0       1       0       227
239     1       1       1       88
240     0       0       0       547
240     1       1       0       831
241     0       0       1       3
241     1       0       1       202
242     0       1       1       866
242     1       0       1       737
243     0       0       0       483
243     1       1       0       580
244     0       0       1       538
244     1       0       1       76
245     0       0       1       226
245     1       1       0       128
246     0       1       1       494
246     1       1       0       779
247     0       1       1       618
247     1       1       1       94
248     0       0       0       42
248     1       0       1       831
249     0       1       1       683
249     1       0       0       816
250     0       1       1       477
250     1       0       1       216
251     0       1       1       745
251     1       0       1       222
252     0       0       0       633
252     1       0       1       897
253     0       0       0       688
253     1       1       0       620
254     0       0       0       845
254     1       0       1       956
255     0       0       1       121
255     1       1       0       671
256     0       0       1       222
256     1       1       1       982
257     0       1       0       889
257     1       0       0       406
258     0       0       1       477
258     1       1       0       317
259     0       0       0       519
259     1       0       0       683
260     0       0       0       966
260     1       1       1       332
261     0       1       1       408
261     1       0       0       103
262     0       1       0       916
262     1       1       0       560
263     0       1       1       254
263     1       1       0       279
264     0       1       1       107
264     1       0       1       19
265     0       1       0       228
265     1       0       0       708
266     0       0       1       653
266     1       0       1       677
267     0       1       1       666
267     1       0       0       676
268     0       1       1       209
268     1       0       1       744
269     0       1       0       617
269     1       1       1       135
270     0       1       1       90
270     1       1       0       488
271     0       0       1       585
271     1       0       0       184
272     0       0       1       711
272     1       0       1       78
273     0       1       1       597
273     1       1       1       214
274     0       0       0       105
274     1       1       1       541
275     0       1       1       181
275     1       1       1       302
276     0       1       0       756
276     1       0       0       209
277     0       1       1       237
277     1       1       0       574
278     0       1       0       28
278     1       0       1       933
279     0       1       1       325
279     1       0       1       452
280     0       1       0       225
280     1       0       0       361
281     0       1       1       457
281     1       1       1       765
282     0       0       0       985
282     1       1       0       970
283     0       1       1       250
283     1       0       1       321
284     0       0       1       764
284     1       1       1       217
285     0       1       0       851
285     1       0       0       422
286     0       0       0       378
286     1       0       0       73
287     0       1       0       365
287     1       0       0       9
288     0       0       0       83
288     1       1       0       144
289     0       1       0       370
289     1       1       0       690
290     0       0       0       32
290     1       1       1       80
291     0       1       0       890
291     1       0       0       677
292     0       0       1       779
292     1       0       0       8
293     0       1       0       5
293     1       0       0       28
294     0       0       1       857
294     1       0       0       354
295     0       1       0       7
295     1       1       0       121
296     0       0       1       68
296     1       0       1       672
297     0       1       1       773
297     1       0       0       441
298     0       0       0       565
298     1       1       1       75
299     0       0       0       829
299     1       1       0       691
300     0       1       0       502
300     1       0       0       718
301     0       1       1       856
301     1       0       1       439
302     0       1       0       876
302     1       1       1       598
303     0       1       1       507
303     1       0       1       513
304     0       0       0       401
304     1       1       1       889
305     0       0       0       913
305     1       1       1       324
306     0       0       0       132
306     1       0       0       250
307     0       0       1       397
307     1       1       0       790
308     0       0       0       750
308     1       0       1       651
309     0       0       1       229
309     1       1       0       448
310     0       0       1       279
310     1       0       1       691
311     0       1       1       801
311     1       1       1       597
312     0       1       0       942
312     1       1       1       475
313     0       0       0       638
313     1       0       1       969
314     0       1       1       565
314     1       1       1       753
315     0       0       0       113
315     1       1       0       844
316     0       0       0       227
316     1       0       1       892
317     0       0       1       837
317     1       1       1       355
318     0       0       1       460
318     1       1       0       393
319     0       0       0       550
319     1       0       1       874
320     0       0       0       267
320     1       0       1       246
321     0       0       0       948
321     1       0       1       127
322     0       1       0       903
322     1       0       0       937
323     0       1       0       206
323     1       0       0       839
324     0       1       0       452
324     1       1       0       510
325     0       1       0       406
325     1       0       0       916
326     0       0       0       357
326     1       0       0       4
327     0       0       0       318
327     1       1       1       968
328     0       0       0       89
328     1       1       0       883
329     0       0       0       727
329     1       0       1       536
330     0       1       1       708
330     1       1       0       364
331     0       1       1       627
331     1       0       0       971
332     0       1       0       577
332     1       0       1       952
333     0       0       1       257
333     1       0       0       218
334     0       0       1       885
334     1       1       1       428
335     0       0       0       384
335     1       0       0       905
336     0       0       1       280
336     1       0       1       330
337     0       1       0       729
337     1       1       0       53
338     0       1       1       750
338     1       0       1       755
339     0       0       0       698
339     1       1       1       263
340     0       1       0       2
340     1       0       1       646
341     0       0       1       499
341     1       0       1       772
342     0       1       1       358
342     1       0       1       644
343     0       0       1       527
343     1       1       1       481
344     0       0       0       488
344     1       0       1       109
345     0       0       1       957
345     1       1       1       337
346     0       0       0       60
346     1       0       0       913
347     0       0       1       293
347     1       1       0       349
348     0       0       0       217
348     1       1       0       45
349     0       0       1       42
349     1       1       0       795
350     0       0       1       653
350     1       0       0       881
351     0       1       1       234
351     1       1       1       781
352     0       0       0       213
352     1       0       0       567
353     0       0       1       104
353     1       0       0       357
354     0       0       0       567
354     1       1       1       729
355     0       1       0       299
355     1       0       0       991
356     0       1       1       469
356     1       1       0       899
357     0       0       0       426
357     1       0       0       102
358     0       0       1       138
358     1       1       0       614
359     0       1       1       987
359     1       0       1       512
360     0       1       0       274
360     1       0       0       669
361     0       1       1       757
361     1       0       1       317
362     0       1       1       689
362     1       0       1       334
363     0       0       1       782
363     1       1       0       177
364     0       0       1       673
364     1       0       1       961
365     0       1       0       972
365     1       1       0       619
366     0       1       0       835
366     1       1       0       425
367     0       1       0       989
367     1       1       0       179
368     0       1       0       416
368     1       1       0       798
369     0       0       0       841
369     1       0       1       889
370     0       0       0       286
370     1       1       1       7
371     0       0       0       532
371     1       0       0       551
372     0       1       1       764
372     1       1       1       926
373     0       0       0       452
373     1       0       0       588
374     0       1       0       904
374     1       1       1       834
375     0       0       0       664
375     1       1       0       968
376     0       1       0       881
376     1       0       1       693
377     0       1       0       936
377     1       1       1       226
378     0       0       0       991
378     1       0       0       774
379     0       0       1       909
379     1       1       0       810
380     0       0       1       298
380     1       0       1       607
381     0       0       0       393
381     1       0       1       326
382     0       1       1       90
382     1       0       1       969
383     0       0       1       881
383     1       1       0       312
384     0       0       0       547
384     1       0       0       248
385     0       1       1       487
385     1       0       0       309
386     0       1       1       770
386     1       0       0       741
387     0       0       0       436
387     1       1       1       896
388     0       0       1       438
388     1       1       0       902
389     0       1       1       844
389     1       1       0       964
390     0       0       1       830
390     1       0       0       830
391     0       1       1       682
391     1       1       0       572
392     0       1       1       106
392     1       1       0       797
393     0       0       1       520
393     1       1       1       648
394     0       0       0       609
394     1       0       1       537
395     0       1       0       477
395     1       1       1       420
396     0       0       1       535
396     1       1       0       304
397     0       1       1       659
397     1       0       1       256
398     0       0       0       469
398     1       0       0       85
399     0       0       0       974
399     1       0       1       647
400     0       1       1       44
400     1       0       1       651
401     0       1       1       589
401     1       0       1       30
402     0       0       1       461
402     1       0       1       67
403     0       0       0       29
403     1       0       1       78
404     0       1       0       823
404     1       1       0       631
405     0       0       0       675
405     1       0       1       318
406     0       0       1       749
406     1       1       0       724
407     0       1       0       925
407     1       0       1       42
408     0       1       0       637
408     1       0       0       721
409     0       1       0       483
409     1       1       1       59
410     0       0       0       915
410     1       0       1       497
411     0       1       0       868
411     1       0       1       813
412     0       1       1       948
412     1       0       0       624
413     0       1       0       990
413     1       1       0       429
414     0       1       0       307
414     1       0       0       718
415     0       0       0       451
415     1       0       1       319
416     0       1       0       931
416     1       1       1       133
417     0       1       0       658
417     1       0       1       690
418     0       1       0       207
418     1       1       1       775
419     0       0       0       43
419     1       0       0       891
420     0       1       1       554
420     1       1       1       766
421     0       0       0       455
421     1       0       0       848
422     0       0       1       294
422     1       1       0       419
423     0       1       1       558
423     1       0       0       541
424     0       1       0       248
424     1       1       0       405
425     0       0       0       45
425     1       0       1       529
426     0       0       0       764
426     1       1       0       747
427     0       1       0       645
427     1       0       1       263
428     0       0       1       802
428     1       0       1       143
429     0       1       0       838
429     1       0       0       40
430     0       0       1       433
430     1       0       0       300
431     0       0       0       408
431     1       0       0       101
432     0       1       1       713
432     1       0       1       903
433     0       0       1       794
433     1       0       1       27
434     0       1       1       104
434     1       0       0       313
435     0       0       0       814
435     1       1       1       205
436     0       1       0       226
436     1       0       1       355
437     0       0       0       340
437     1       1       0       774
438     0       0       1       957
438     1       0       1       925
439     0       1       1       9
439     1       1       0       774
440     0       1       1       144
440     1       1       0       228
441     0       0       0       541
441     1       1       0       657
442     0       0       1       139
442     1       1       0       2
443     0       0       0       181
443     1       0       0       733
444     0       0       1       562
444     1       0       1       962
445     0       1       0       381
445     1       0       0       702
446     0       1       0       787
446     1       0       1       765
447     0       0       1       180
447     1       0       1       434
448     0       0       1       465
448     1       0       0       301
449     0       0       0       491
449     1       0       1       812
450     0       0       0       958
450     1       0       0       901
451     0       0       1       708
451     1       1       0       374
452     0       1       0       914
452     1       1       0       961
453     0       0       0       506
453     1       0       0       533
454     0       0       0       711
454     1       0       1       177
455     0       1       0       508
455     1       0       1       46
456     0       1       0       749
456     1       0       1       272
457     0       1       0       16
457     1       0       0       788
458     0       0       0       218
458     1       0       1       203
459     0       0       1       122
459     1       0       0       682
460     0       0       1       970
460     1       0       1       252
461     0       1       0       238
461     1       0       1       524
462     0       1       1       420
462     1       0       1       313
463     0       1       0       704
463     1       0       1       470
464     0       0       1       667
464     1       1       0       846
465     0       1       1       320
465     1       0       1       843
466     0       0       0       326
466     1       1       1       105
467     0       1       0       624
467     1       1       1       833
468     0       1       0       831
468     1       0       1       295
469     0       0       0       696
469     1       1       0       467
470     0       0       1       837
470     1       1       1       173
471     0       1       1       149
471     1       0       0       923
472     0       0       1       373
472     1       1       1       148
473     0       1       0       561
473     1       1       0       616
474     0       0       0       859
474     1       1       1       937
475     0       0       1       111
475     1       0       0       241
476     0       1       0       630
476     1       0       0       221
477     0       0       0       663
477     1       0       1       599
478     0       0       0       358
478     1       1       0       226
479     0       1       1       221
479     1       0       1       961
480     0       0       1       463
480     1       1       0       580
481     0       0       0       435
481     1       0       1       279
482     0       1       0       942
482     1       0       1       170
483     0       0       0       158
483     1       1       1       494
484     0       1       0       779
484     1       0       1       619
485     0       0       0       345
485     1       1       0       159
486     0       1       0       539
486     1       0       0       37
487     0       1       0       295
487     1       1       1       90
488     0       1       0       612
488     1       0       1       124
489     0       0       1       793
489     1       1       0       958
490     0       0       1       594
490     1       0       1       759
491     0       1       0       354
491     1       0       1       602
492     0       0       0       445
492     1       0       0       520
493     0       0       1       504
493     1       1       1       958
494     0       0       1       382
494     1       0       1       177
495     0       1       1       199
495     1       1       1       727
496     0       0       1       139
496     1       0       1       688
497     0       0       0       775
497     1       1       0       112
498     0       1       0       401
498     1       0       0       935
499     0       1       1       146
499     1       0       0       211
500     0       1       1       63
500     1       0       0       917
501     0       0       0       973
501     1       0       0       447
502     0       0       0       670
502     1       1       1       928
503     0       0       1       97
503     1       0       1       258
504     0       1       1       206
504     1       0       1       890
505     0       0       0       11
505     1       0       0       822
506     0       0       1       367
506     1       1       0       603
507     0       0       1       873
507     1       0       1       740
508     0       1       1       42
508     1       1       1       286
509     0       0       1       500
509     1       1       0       991
510     0       0       1       24
510     1       0       1       96
511     0       1       0       763
511     1       1       0       55
512     0       1       0       672
512     1       1       1       752
513     0       0       0       531
513     1       0       0       615
514     0       1       0       906
514     1       0       1       828
515     0       0       0       996
515     1       0       0       525
516     0       0       0       485
516     1       1       1       497
517     0       1       1       684
517     1       1       0       420
518     0       0       0       519
518     1       0       0       568
519     0       0       1       766
519     1       0       1       999
520     0       1       0       512
520     1       1       0       710
521     0       1       0       566
521     1       1       1       941
522     0       1       1       228
522     1       1       0       756
523     0       0       1       94
523     1       0       0       348
524     0       0       0       940
524     1       1       1       32
525     0       1       0       28
525     1       0       0       672
526     0       1       0       556
526     1       0       0       570
527     0       1       0       321
527     1       0       0       877
528     0       1       0       659
528     1       1       1       585
529     0       0       1       615
529     1       1       1       730
530     0       0       0       632
530     1       0       1       958
531     0       1       0       130
531     1       1       1       100
532     0       1       1       887
532     1       1       1       412
533     0       1       1       868
533     1       1       1       929
534     0       0       0       996
534     1       0       0       535
535     0       1       1       584
535     1       0       1       49
536     0       1       0       494
536     1       1       0       562
537     0       0       1       455
537     1       1       1       748
538     0       1       1       134
538     1       1       1       979
539     0       0       1       70
539     1       0       0       403
540     0       0       0       124
540     1       0       1       332
541     0       0       0       303
541     1       1       1       51
542     0       1       0       776
542     1       0       1       259
543     0       1       1       84
543     1       0       0       330
544     0       1       1       361
544     1       0       0       728
545     0       1       0       438
545     1       0       0       509
546     0       1       0       559
546     1       0       0       293
547     0       0       1       924
547     1       1       0       382
548     0       1       0       695
548     1       1       1       431
549     0       0       1       799
549     1       1       1       486
550     0       1       1       162
550     1       1       1       522
551     0       1       1       772
551     1       1       1       916
552     0       1       1       716
552     1       0       0       104
553     0       0       1       693
553     1       0       1       937
554     0       0       1       838
554     1       0       1       38
555     0       0       0       70
555     1       0       1       391
556     0       0       0       290
556     1       1       1       716
557     0       0       0       159
557     1       1       1       507
558     0       1       1       261
558     1       1       1       199
559     0       1       1       754
559     1       0       1       613
560     0       1       1       249
560     1       0       1       361
561     0       1       1       990
561     1       0       0       155
562     0       1       1       335
562     1       1       1       957
563     0       0       1       647
563     1       1       1       903
564     0       1       0       7
564     1       0       1       80
565     0       0       1       703
565     1       1       1       41
566     0       0       1       539
566     1       0       0       170
567     0       0       1       371
567     1       0       1       291
568     0       1       1       347
568     1       1       1       178
569     0       1       0       916
569     1       1       0       666
570     0       0       1       562
570     1       0       0       785
571     0       1       1       186
571     1       1       0       373
572     0       1       0       968
572     1       1       1       22
573     0       0       0       932
573     1       0       0       294
574     0       0       1       727
574     1       0       1       463
575     0       1       0       772
575     1       1       1       828
576     0       0       0       994
576     1       0       0       875
577     0       1       1       332
577     1       0       0       150
578     0       0       0       493
578     1       0       0       154
579     0       0       1       362
579     1       0       0       777
580     0       1       1       260
580     1       1       0       115
581     0       0       1       787
581     1       1       1       559
582     0       0       0       401
582     1       0       1       753
583     0       1       0       277
583     1       0       1       365
584     0       0       1       571
584     1       1       0       645
585     0       1       0       5
585     1       0       1       461
586     0       1       0       252
586     1       1       0       702
587     0       1       0       895
587     1       1       0       434
588     0       0       0       596
588     1       0       1       486
589     0       0       1       571
589     1       0       1       284
590     0       1       1       438
590     1       0       1       916
591     0       1       1       464
591     1       0       1       299
592     0       0       1       562
592     1       0       0       848
593     0       0       1       803
593     1       0       0       635
594     0       1       0       802
594     1       0       1       107
595     0       1       1       509
595     1       1       0       733
596     0       0       0       95
596     1       0       1       186
597     0       0       0       131
597     1       1       1       232
598     0       0       1       21
598     1       0       1       128
599     0       1       0       77
599     1       1       1       425
600     0       1       1       905
600     1       0       0       672
601     0       0       0       166
601     1       0       0       225
602     0       0       0       755
602     1       1       1       468
603     0       0       1       201
603     1       1       1       572
604     0       0       0       595
604     1       0       0       439
605     0       1       0       921
605     1       1       1       487
606     0       1       1       514
606     1       0       1       582
607     0       0       0       450
607     1       1       1       343
608     0       0       0       563
608     1       1       0       532
609     0       0       1       747
609     1       1       1       258
610     0       0       1       876
610     1       1       1       606
611     0       0       1       852
611     1       0       0       821
612     0       1       1       298
612     1       1       1       904
613     0       1       0       916
613     1       0       0       564
614     0       0       0       344
614     1       1       1       819
615     0       0       0       595
615     1       1       1       885
616     0       0       1       437
616     1       1       1       870
617     0       1       0       944
617     1       0       0       127
618     0       1       0       473
618     1       1       0       768
619     0       1       0       261
619     1       0       1       432
620     0       0       1       256
620     1       0       1       635
621     0       0       0       763
621     1       1       0       817
622     0       1       0       816
622     1       0       1       580
623     0       0       1       337
623     1       0       0       409
624     0       0       1       372
624     1       1       0       429
625     0       0       0       144
625     1       0       1       484
626     0       1       0       176
626     1       1       0       87
627     0       1       0       840
627     1       0       0       427
628     0       1       0       633
628     1       0       1       355
629     0       0       1       133
629     1       0       1       928
630     0       1       1       688
630     1       1       0       525
631     0       1       0       876
631     1       1       0       755
632     0       1       0       180
632     1       0       1       508
633     0       0       1       190
633     1       0       1       432
634     0       0       0       399
634     1       1       0       188
635     0       1       0       318
635     1       0       1       527
636     0       0       0       137
636     1       0       0       806
637     0       0       1       880
637     1       0       1       681
638     0       1       0       201
638     1       1       0       334
639     0       1       0       203
639     1       1       0       779
640     0       0       0       585
640     1       0       1       531
641     0       1       0       55
641     1       0       0       766
642     0       0       0       163
642     1       0       0       754
643     0       0       1       359
643     1       1       0       243
644     0       0       0       513
644     1       1       0       7
645     0       1       0       106
645     1       0       0       820
646     0       0       0       676
646     1       1       1       542
647     0       1       0       114
647     1       1       1       534
648     0       1       0       750
648     1       1       0       191
649     0       0       1       948
649     1       0       1       880
650     0       0       1       639
650     1       0       1       891
651     0       0       1       669
651     1       0       1       807
652     0       0       0       591
652     1       1       1       467
653     0       0       1       398
653     1       0       0       90
654     0       1       1       974
654     1       0       1       656
655     0       1       0       511
655     1       1       1       883
656     0       0       0       696
656     1       0       0       964
657     0       0       1       972
657     1       1       0       660
658     0       0       0       566
658     1       0       0       199
659     0       0       0       90
659     1       1       0       653
660     0       0       0       259
660     1       0       0       169
661     0       0       0       617
661     1       0       0       989
662     0       0       1       982
662     1       0       0       379
663     0       0       1       915
663     1       1       0       746
664     0       0       1       485
664     1       0       0       624
665     0       0       1       237
665     1       1       0       528
666     0       1       1       422
666     1       0       0       304
667     0       1       1       605
667     1       0       0       546
668     0       1       1       71
668     1       0       1       573
669     0       1       1       177
669     1       0       0       745
670     0       1       1       960
670     1       0       1       415
671     0       1       1       49
671     1       1       0       659
672     0       0       1       102
672     1       1       1       35
673     0       1       1       14
673     1       0       0       254
674     0       0       0       613
674     1       0       0       999
675     0       1       0       821
675     1       1       1       866
676     0       1       0       803
676     1       1       0       45
677     0       1       0       444
677     1       0       0       597
678     0       0       1       789
678     1       0       1       898
679     0       0       1       418
679     1       1       1       684
680     0       0       1       170
680     1       0       0       609
681     0       1       1       634
681     1       1       1       486
682     0       0       0       729
682     1       0       1       782
683     0       0       0       318
683     1       0       1       969
684     0       0       1       61
684     1       0       1       199
685     0       0       0       824
685     1       1       0       314
686     0       1       0       971
686     1       0       0       8
687     0       1       1       856
687     1       0       0       550
688     0       0       0       415
688     1       1       1       223
689     0       0       0       791
689     1       1       0       766
690     0       1       0       812
690     1       0       0       892
691     0       1       1       76
691     1       0       1       761
692     0       1       0       176
692     1       1       1       791
693     0       1       1       444
693     1       0       1       978
694     0       0       0       214
694     1       1       1       441
695     0       0       0       618
695     1       1       1       772
696     0       0       0       500
696     1       0       0       989
697     0       0       1       541
697     1       1       0       576
698     0       0       0       267
698     1       0       1       972
699     0       0       1       509
699     1       1       0       807
700     0       0       1       61
700     1       0       1       654
701     0       1       1       752
701     1       1       1       180
702     0       1       0       231
702     1       1       1       833
703     0       0       0       4
703     1       0       1       524
704     0       1       1       171
704     1       1       1       167
705     0       0       0       428
705     1       1       0       146
706     0       0       0       447
706     1       0       1       110
707     0       0       1       849
707     1       1       1       526
708     0       0       1       459
708     1       1       0       479
709     0       0       0       637
709     1       0       1       747
710     0       0       0       577
710     1       0       1       479
711     0       0       0       652
711     1       0       1       854
712     0       1       0       695
712     1       0       0       564
713     0       1       0       959
713     1       0       0       944
714     0       1       0       382
714     1       1       0       976
715     0       1       0       546
715     1       0       0       297
716     0       0       0       889
716     1       0       0       143
717     0       0       0       368
717     1       1       1       889
718     0       0       0       217
718     1       1       0       626
719     0       0       0       206
719     1       0       1       508
720     0       1       1       928
720     1       1       0       213
721     0       1       1       404
721     1       0       0       9
722     0       1       0       24
722     1       0       1       618
723     0       0       1       456
723     1       0       0       429
724     0       0       1       483
724     1       1       1       871
725     0       0       0       574
725     1       0       0       635
726     0       0       1       795
726     1       0       1       986
727     0       1       0       400
727     1       1       0       735
728     0       1       1       787
728     1       0       1       470
729     0       0       0       214
729     1       1       1       532
730     0       1       0       400
730     1       0       1       58
731     0       0       1       689
731     1       0       1       676
732     0       1       1       510
732     1       0       1       689
733     0       0       1       972
733     1       1       1       681
734     0       0       0       948
734     1       0       1       187
735     0       0       1       453
735     1       1       1       654
736     0       0       0       523
736     1       0       0       981
737     0       0       1       49
737     1       1       0       398
738     0       0       0       963
738     1       1       0       45
739     0       0       1       604
739     1       1       0       557
740     0       0       1       29
740     1       0       0       853
741     0       1       1       80
741     1       1       1       700
742     0       0       0       307
742     1       0       0       556
743     0       0       1       436
743     1       0       0       159
744     0       0       0       198
744     1       1       1       960
745     0       1       0       44
745     1       0       0       410
746     0       1       1       538
746     1       1       0       14
747     0       0       0       213
747     1       0       0       368
748     0       0       1       300
748     1       1       0       276
749     0       1       1       896
749     1       0       1       591
750     0       1       0       740
750     1       0       0       539
751     0       1       1       216
751     1       0       1       785
752     0       1       1       231
752     1       0       1       75
753     0       0       1       151
753     1       1       0       830
754     0       0       1       841
754     1       0       1       902
755     0       1       0       18
755     1       1       0       902
756     0       1       0       265
756     1       1       0       341
757     0       1       0       823
757     1       1       0       466
758     0       1       0       836
758     1       1       0       774
759     0       0       0       358
759     1       0       1       199
760     0       0       0       310
760     1       1       1       800
761     0       0       0       813
761     1       0       0       934
762     0       1       1       341
762     1       1       1       833
763     0       0       0       383
763     1       0       0       497
764     0       1       0       619
764     1       1       1       475
765     0       0       0       76
765     1       1       0       12
766     0       1       0       102
766     1       0       1       631
767     0       1       0       692
767     1       1       1       471
768     0       0       0       455
768     1       0       0       871
769     0       0       1       611
769     1       1       0       33
770     0       0       1       789
770     1       0       1       504
771     0       0       0       517
771     1       0       1       257
772     0       1       1       351
772     1       0       1       768
773     0       0       1       96
773     1       1       0       388
774     0       0       0       85
774     1       0       0       403
775     0       1       1       692
775     1       0       0       572
776     0       1       1       773
776     1       0       0       94
777     0       0       0       233
777     1       1       1       315
778     0       0       1       872
778     1       1       0       583
779     0       1       1       515
779     1       1       0       247
780     0       0       1       999
780     1       0       0       808
781     0       1       1       264
781     1       1       0       878
782     0       1       1       263
782     1       1       0       991
783     0       0       1       461
783     1       1       1       282
784     0       0       0       992
784     1       0       1       868
785     0       1       0       43
785     1       1       1       150
786     0       0       1       283
786     1       1       0       669
787     0       1       1       711
787     1       0       1       514
788     0       0       0       948
788     1       0       0       940
789     0       0       0       440
789     1       0       1       164
790     0       1       1       210
790     1       0       1       770
791     0       1       1       471
791     1       0       1       706
792     0       0       1       855
792     1       0       1       475
793     0       0       0       825
793     1       0       1       316
794     0       1       0       225
794     1       1       0       165
795     0       0       0       191
795     1       0       0       183
796     0       0       0       602
796     1       0       0       442
797     0       1       1       891
797     1       1       1       370
798     0       1       0       522
798     1       0       0       124
799     0       1       1       484
799     1       0       1       894
800     0       0       0       735
800     1       1       0       643
801     0       1       0       194
801     1       0       1       268
802     0       1       1       670
802     1       0       1       72
803     0       1       1       773
803     1       1       0       681
804     0       1       1       411
804     1       1       0       374
805     0       0       1       260
805     1       0       1       737
806     0       1       0       446
806     1       0       0       955
807     0       1       0       718
807     1       0       0       282
808     0       1       1       449
808     1       1       1       18
809     0       1       0       264
809     1       1       0       13
810     0       0       1       196
810     1       1       1       606
811     0       1       1       849
811     1       1       0       673
812     0       0       0       971
812     1       1       1       49
813     0       1       0       569
813     1       0       1       491
814     0       1       1       922
814     1       1       1       811
815     0       0       0       374
815     1       0       1       938
816     0       0       1       873
816     1       1       0       806
817     0       0       0       233
817     1       0       1       909
818     0       1       0       100
818     1       1       0       553
819     0       0       0       585
819     1       1       0       974
820     0       1       0       832
820     1       0       0       498
821     0       1       0       714
821     1       1       1       929
822     0       1       1       3
822     1       0       1       950
823     0       0       0       775
823     1       1       1       138
824     0       0       0       379
824     1       1       0       445
825     0       0       1       623
825     1       1       1       852
826     0       0       1       885
826     1       1       1       813
827     0       0       1       700
827     1       0       0       693
828     0       1       1       949
828     1       1       1       367
829     0       1       0       841
829     1       0       0       525
830     0       0       0       619
830     1       1       1       348
831     0       0       0       227
831     1       1       1       359
832     0       0       1       605
832     1       1       1       42
833     0       1       0       600
833     1       0       0       525
834     0       1       0       248
834     1       1       0       82
835     0       1       0       84
835     1       0       1       312
836     0       0       1       183
836     1       0       1       969
837     0       0       0       831
837     1       1       0       97
838     0       1       0       517
838     1       0       1       120
839     0       0       1       3
839     1       0       0       730
840     0       0       1       950
840     1       1       0       816
841     0       0       0       823
841     1       0       1       916
842     0       1       0       460
842     1       1       0       8
843     0       1       0       906
843     1       0       0       23
844     0       1       0       721
844     1       0       1       255
845     0       0       1       438
845     1       0       1       629
846     0       1       1       947
846     1       1       0       496
847     0       1       0       708
847     1       1       0       617
848     0       1       0       387
848     1       0       1       375
849     0       0       1       173
849     1       0       1       668
850     0       0       0       926
850     1       1       0       835
851     0       1       0       542
851     1       0       1       604
852     0       0       0       171
852     1       0       0       347
853     0       0       1       984
853     1       0       1       460
854     0       1       0       969
854     1       1       0       924
855     0       1       0       344
855     1       1       0       126
856     0       0       0       571
856     1       0       1       170
857     0       1       0       327
857     1       0       0       822
858     0       0       0       79
858     1       0       0       392
859     0       0       1       308
859     1       1       0       475
860     0       0       0       212
860     1       1       0       575
861     0       1       0       517
861     1       0       0       660
862     0       0       0       507
862     1       1       1       64
863     0       1       0       224
863     1       1       1       114
864     0       1       0       324
864     1       1       0       818
865     0       0       1       853
865     1       0       1       110
866     0       0       1       1
866     1       0       1       629
867     0       0       1       543
867     1       0       1       47
868     0       0       0       619
868     1       1       1       966
869     0       0       1       998
869     1       0       0       921
870     0       1       1       357
870     1       0       1       556
871     0       1       0       10
871     1       1       1       201
872     0       0       0       448
872     1       0       0       541
873     0       0       1       606
873     1       1       0       541
874     0       0       0       16
874     1       0       0       652
875     0       0       0       652
875     1       1       0       700
876     0       0       0       970
876     1       0       0       270
877     0       0       0       155
877     1       0       0       32
878     0       0       1       705
878     1       0       0       9
879     0       0       1       290
879     1       1       0       416
880     0       0       1       802
880     1       0       0       891
881     0       0       1       119
881     1       1       0       400
882     0       1       1       199
882     1       0       0       986
883     0       1       1       91
883     1       0       0       312
884     0       1       1       853
884     1       0       1       705
885     0       1       1       884
885     1       0       0       894
886     0       1       1       508
886     1       0       1       404
887     0       1       1       864
887     1       1       0       649
888     0       0       1       806
888     1       1       1       562
889     0       1       1       435
889     1       0       0       247
890     0       0       0       563
890     1       0       0       857
891     0       1       0       134
891     1       1       1       324
892     0       1       0       3
892     1       1       0       781
893     0       1       0       847
893     1       0       0       985
894     0       0       1       838
894     1       0       1       954
895     0       0       1       256
895     1       1       1       114
896     0       0       1       438
896     1       0       0       842
897     0       1       1       819
897     1       1       1       167
898     0       0       0       11
898     1       0       1       136
899     0       0       0       554
899     1       0       1       115
900     0       0       1       119
900     1       0       1       95
901     0       0       0       490
901     1       1       0       623
902     0       1       0       21
902     1       0       0       537
903     0       1       1       563
903     1       0       0       992
904     0       0       0       984
904     1       1       1       448
905     0       0       0       342
905     1       1       0       622
906     0       1       0       830
906     1       0       0       423
907     0       1       1       114
907     1       0       1       114
908     0       1       0       441
908     1       1       1       43
909     0       1       1       796
909     1       0       1       456
910     0       0       0       805
910     1       1       1       651
911     0       0       0       345
911     1       1       1       83
912     0       0       0       638
912     1       0       0       370
913     0       0       1       356
913     1       1       0       971
914     0       0       0       567
914     1       0       1       727
915     0       0       1       417
915     1       1       0       381
916     0       0       1       698
916     1       0       1       762
917     0       1       1       928
917     1       1       1       30
918     0       1       0       327
918     1       1       1       155
919     0       0       0       99
919     1       0       1       727
920     0       1       1       27
920     1       1       1       673
921     0       0       0       933
921     1       1       0       111
922     0       0       0       147
922     1       0       1       838
923     0       0       1       419
923     1       1       1       906
924     0       0       1       74
924     1       1       0       459
925     0       0       0       400
925     1       0       1       807
926     0       0       0       160
926     1       0       1       480
927     0       0       0       281
927     1       0       1       65
928     0       1       0       789
928     1       0       0       608
929     0       1       0       467
929     1       0       0       515
930     0       1       0       575
930     1       1       0       442
931     0       1       0       766
931     1       0       0       65
932     0       0       0       144
932     1       0       0       834
933     0       0       0       453
933     1       1       1       41
934     0       0       0       383
934     1       1       0       307
935     0       0       0       108
935     1       0       1       54
936     0       1       1       453
936     1       1       0       775
937     0       1       1       0
937     1       0       0       789
938     0       1       0       769
938     1       0       1       398
939     0       0       1       603
939     1       0       0       490
940     0       0       1       890
940     1       1       1       877
941     0       0       0       142
941     1       0       0       910
942     0       0       1       792
942     1       0       1       165
943     0       1       0       634
943     1       1       0       332
944     0       1       1       937
944     1       0       1       518
945     0       0       0       648
945     1       1       1       392
946     0       1       0       484
946     1       0       1       183
947     0       0       1       958
947     1       0       1       248
948     0       1       1       227
948     1       0       1       316
949     0       0       1       395
949     1       1       1       123
950     0       0       0       79
950     1       0       1       868
951     0       0       1       247
951     1       1       1       647
952     0       0       0       168
952     1       0       0       166
953     0       0       1       967
953     1       1       0       129
954     0       0       0       251
954     1       1       0       687
955     0       0       1       362
955     1       1       0       972
956     0       0       1       215
956     1       0       0       82
957     0       1       1       552
957     1       1       1       836
958     0       0       0       214
958     1       0       0       770
959     0       0       1       957
959     1       0       0       375
960     0       0       0       1
960     1       1       1       945
961     0       1       0       75
961     1       0       0       258
962     0       1       1       575
962     1       1       0       18
963     0       0       0       578
963     1       0       0       3
964     0       0       1       765
964     1       1       0       195
965     0       1       1       832
965     1       0       1       708
966     0       1       0       759
966     1       0       0       219
967     0       1       1       340
967     1       0       1       83
968     0       1       1       138
968     1       0       1       255
969     0       0       1       664
969     1       1       0       680
970     0       0       1       737
970     1       0       1       224
971     0       1       0       221
971     1       1       0       536
972     0       1       0       84
972     1       1       0       194
973     0       1       0       357
973     1       1       0       955
974     0       1       0       629
974     1       1       0       77
975     0       0       0       50
975     1       0       1       892
976     0       0       0       725
976     1       1       1       401
977     0       0       0       439
977     1       0       0       196
978     0       1       1       781
978     1       1       1       470
979     0       0       0       253
979     1       0       0       289
980     0       1       0       713
980     1       1       1       183
981     0       0       0       115
981     1       1       0       55
982     0       1       0       319
982     1       0       1       874
983     0       1       0       5
983     1       1       1       885
984     0       0       0       726
984     1       0       0       222
985     0       0       1       216
985     1       1       0       753
986     0       0       1       702
986     1       0       1       752
987     0       0       0       69
987     1       0       1       440
988     0       1       1       187
988     1       0       1       42
989     0       0       1       113
989     1       1       0       546
990     0       0       0       261
990     1       0       0       694
991     0       1       1       543
991     1       0       0       880
992     0       1       1       182
992     1       0       0       29
993     0       0       0       142
993     1       1       1       891
994     0       0       1       949
994     1       1       0       775
995     0       1       1       156
995     1       1       0       850
996     0       0       1       500
996     1       0       0       650
997     0       1       1       159
997     1       1       0       594
998     0       1       1       330
998     1       1       0       838
999     0       0       1       61
999     1       1       1       647
1000    0       0       0       96
1000    1       0       1       792

Fitness Score       : 2796.7417
Halted              : T
Sigma               : 21
Shifts              : 901
Last State          : 0
Last Position       : 27
Length Traversed    : 48
Avg Block Size      : 1.75
Max Block Size      : 4
Condensed Tape: (1 1 1 1 1 1 1 4 2 3 3 2)
**************************************************
