
******** Search completed in 171.183 secs ********

Population size  : 200
Generations      : 20
Mutation Rate    : 1/5
Machine States   : 1000
Shift Limit      : 1000
Fitness weights: 
  Weight a   : 1/50
  Weight b   : 1/20
  Weight c   : 1/50
  Weight d   : 1/30
  Weight e   : 1200
  Weight f   : 1/50
  Weight g   : 1/30
  Weight h   : 1
  Weight i   : 700

**************************************************


******************* best fit *********************
Machine #: (0 0 879 0 1 481 1 1 846 0 0 394 0 1 667 0 1 507 0 0 252 1 1 645 1 1 226 0 1
 912 1 1 152 1 0 935 0 1 933 1 0 638 1 1 946 1 0 225 1 0 572 0 0 406 1 1 656 1
 1 84 1 1 511 0 0 537 1 1 736 1 0 898 1 0 596 0 0 105 0 0 765 1 0 891 0 0 925 1
 1 265 1 0 154 1 1 0 0 0 228 0 0 799 0 1 328 0 1 124 1 1 832 1 1 249 1 1 244 0
 1 96 1 0 772 1 1 525 0 0 722 0 1 961 0 0 945 1 0 386 1 1 469 1 0 676 1 0 966 1
 1 217 1 1 763 1 0 670 1 1 221 1 0 86 0 1 491 1 1 710 0 1 132 0 0 483 0 0 109 0
 0 805 1 0 242 1 1 791 0 0 384 0 1 873 1 1 6 0 0 349 1 1 209 0 0 508 1 1 885 0
 0 361 0 1 277 1 0 855 0 0 205 1 0 300 0 0 910 0 1 429 1 1 949 0 0 841 0 0 797
 0 0 98 0 1 529 1 0 541 0 0 104 1 1 478 1 0 819 0 1 645 0 1 805 0 0 583 0 0 710
 1 1 626 0 1 709 0 1 781 1 0 307 0 0 537 0 1 177 0 1 479 0 0 829 0 0 337 0 1
 623 1 1 486 0 0 521 0 0 621 1 1 786 0 0 389 1 1 919 1 0 557 0 0 380 1 0 3 1 0
 390 1 1 722 1 1 827 1 0 122 0 0 845 1 1 73 1 1 122 1 1 218 1 1 617 0 0 570 1 0
 938 1 1 84 1 1 131 0 1 939 0 0 273 1 1 306 0 0 912 1 0 514 0 1 415 0 1 856 0 1
 868 1 0 939 1 0 420 1 1 52 0 1 733 0 0 53 0 1 822 1 0 659 0 0 70 1 0 789 0 0
 101 1 0 191 0 1 338 0 0 649 0 1 634 1 1 600 0 1 363 0 1 974 0 0 594 0 0 749 1
 1 728 0 0 598 0 0 756 0 1 637 1 0 389 0 0 319 0 0 136 1 0 122 1 0 154 1 0 48 0
 1 641 1 0 281 0 0 173 1 1 127 0 1 415 1 0 401 0 0 741 1 1 342 0 1 911 1 0 911
 1 1 952 1 1 598 1 0 13 1 1 734 0 0 467 1 1 171 0 1 418 1 1 312 0 0 672 0 0 474
 1 1 694 0 1 855 0 0 647 1 0 35 0 1 560 1 0 406 1 0 808 1 1 999 1 1 365 1 0 446
 0 1 692 1 1 4 0 1 33 0 0 793 1 0 181 0 0 724 1 1 149 0 0 123 0 0 730 1 0 135 0
 0 373 0 1 261 0 0 606 1 1 509 1 0 187 0 0 841 0 1 235 1 0 1 1 1 977 0 0 90 0 0
 879 1 0 681 0 0 721 1 1 652 0 0 632 0 1 512 1 1 830 0 0 847 0 1 897 0 1 457 0
 0 757 0 0 709 0 1 473 1 1 775 0 0 306 1 1 202 1 0 319 0 0 657 0 1 149 1 1 378
 0 1 166 0 0 161 0 1 702 1 0 143 0 0 172 0 1 550 0 0 755 0 1 132 0 1 491 1 0
 220 0 0 511 1 0 728 0 0 883 1 1 300 1 0 252 0 0 243 1 0 463 1 1 953 0 1 634 0
 0 319 0 0 836 0 1 714 1 0 263 0 0 91 1 0 374 0 0 627 1 0 254 1 1 249 0 1 220 1
 0 413 1 1 883 1 1 499 1 1 403 0 1 85 0 0 259 0 1 551 0 1 883 1 0 816 1 0 611 0
 1 584 1 0 424 0 0 262 0 1 550 0 0 504 0 1 352 1 0 744 1 0 780 0 1 254 0 1 994
 0 0 299 1 1 301 1 0 1 1 0 531 1 0 18 1 1 556 1 1 42 0 0 167 1 0 80 1 1 429 0 0
 380 1 0 865 0 0 846 1 0 226 0 1 42 1 1 621 0 0 849 0 1 566 1 1 318 0 0 595 1 1
 586 1 1 344 1 1 514 0 1 39 1 1 446 1 1 540 1 1 771 1 1 985 0 1 46 0 1 960 1 1
 289 0 1 458 0 1 632 1 1 277 0 0 988 1 1 362 0 0 218 1 1 65 1 1 94 0 1 675 1 0
 220 0 0 264 1 0 146 0 1 601 1 1 455 1 0 832 0 0 580 0 0 825 1 1 645 1 1 631 1
 1 799 0 1 220 0 0 308 0 1 112 0 0 159 0 0 916 0 1 376 0 1 639 0 1 555 0 1 570
 1 0 264 1 1 795 1 0 249 1 0 512 1 1 119 1 0 737 0 1 16 0 0 223 1 0 368 0 1 752
 0 1 713 0 1 565 1 1 358 0 1 911 1 0 314 1 0 73 1 1 273 0 1 749 0 0 201 1 1 788
 0 1 34 1 1 474 1 0 642 0 0 34 1 0 926 1 1 550 1 0 180 1 0 993 1 1 598 0 0 818
 0 1 654 1 0 359 1 0 943 1 1 48 1 1 486 0 0 482 1 1 551 1 0 510 0 1 728 0 1 770
 1 1 562 1 1 334 0 0 511 1 0 670 0 1 719 1 0 312 0 1 770 0 1 758 0 0 379 1 1 42
 1 1 778 1 0 718 1 1 820 0 0 705 1 1 160 1 0 396 1 1 141 0 1 441 0 0 605 0 0
 386 0 1 356 1 0 369 1 0 547 0 0 413 0 0 201 0 0 885 1 0 381 0 0 769 0 0 415 0
 0 442 0 0 671 1 0 215 1 1 349 0 1 2 0 0 861 0 0 399 1 0 625 1 0 741 1 0 442 0
 1 720 0 1 387 0 0 47 1 1 897 0 1 861 1 1 544 0 0 480 1 1 747 0 0 205 0 0 929 1
 0 423 0 1 870 0 0 108 1 0 944 0 0 644 1 1 812 1 1 91 0 0 480 0 1 532 1 0 800 0
 0 817 0 1 796 1 1 739 0 0 892 0 1 46 0 1 352 0 0 203 1 1 79 1 1 533 0 1 439 1
 1 896 1 0 817 0 1 145 1 0 230 1 1 311 1 0 202 1 0 595 0 0 429 1 1 699 1 1 956
 1 1 22 0 0 18 1 1 702 1 0 479 1 0 584 0 0 493 0 0 292 1 0 820 0 0 176 1 1 209
 1 0 651 1 1 978 0 0 228 0 0 623 0 1 553 0 1 765 1 1 253 1 1 841 1 1 794 0 1
 160 1 0 908 1 1 300 0 0 23 0 1 228 0 0 299 1 0 870 1 1 938 1 0 605 1 0 503 1 1
 384 1 1 600 1 0 866 1 1 932 1 0 668 0 1 533 1 1 746 0 1 209 0 0 906 0 0 464 0
 0 536 1 0 358 1 1 80 0 0 922 0 1 386 1 1 641 0 0 0 1 1 360 0 0 26 1 1 438 0 0
 54 0 1 661 1 0 955 0 0 214 1 0 24 0 0 324 0 1 205 1 1 260 0 0 483 0 0 706 0 0
 316 0 1 734 1 0 634 0 0 917 1 1 219 1 0 201 0 1 214 0 1 487 0 0 368 0 0 356 1
 1 842 0 1 744 0 1 73 1 0 838 0 0 482 0 1 67 0 1 696 0 0 434 0 0 113 0 1 400 1
 1 247 0 0 848 0 0 371 1 1 147 0 0 797 1 1 696 1 0 187 0 0 162 1 0 890 1 0 715
 1 1 478 1 1 302 1 0 363 0 0 986 1 1 920 1 1 738 1 1 479 1 1 555 0 0 46 1 0 206
 1 0 697 1 1 867 1 1 898 1 1 854 0 0 10 0 0 12 0 0 55 1 1 191 0 1 673 1 1 200 0
 1 673 1 0 549 0 1 260 1 1 339 0 1 165 0 1 607 1 1 762 1 1 374 0 1 863 1 1 325
 1 1 480 1 0 700 0 0 53 0 0 318 0 1 249 1 0 558 1 0 384 0 1 692 1 0 396 0 0 979
 1 0 708 1 1 273 1 0 532 0 1 507 1 1 448 0 0 419 0 1 208 1 0 490 0 0 356 0 0
 698 1 0 441 0 1 71 0 1 364 0 1 86 1 1 521 1 1 482 0 0 257 1 0 398 0 0 409 1 0
 49 1 0 238 0 1 864 0 1 151 1 0 28 0 1 590 1 0 378 1 1 103 1 0 862 0 0 416 1 0
 143 1 0 639 0 1 280 0 0 559 1 0 92 1 0 676 0 0 278 0 1 208 0 1 845 0 0 632 0 0
 447 0 0 385 1 0 296 1 1 87 1 0 245 0 1 965 1 1 369 0 1 898 0 0 951 0 1 520 0 1
 877 0 1 135 1 1 866 0 0 204 1 1 492 1 0 856 0 0 101 0 0 545 1 0 658 0 1 135 0
 0 547 0 0 260 0 1 430 0 0 103 1 1 556 1 0 931 1 0 170 0 0 359 1 0 940 0 1 4 1
 0 232 1 1 907 1 1 920 1 1 541 0 1 522 1 1 171 0 0 705 0 1 22 1 1 845 0 0 168 1
 0 837 0 1 805 0 0 590 1 1 841 0 0 890 0 0 378 1 0 487 1 0 119 1 0 654 1 1 497
 0 0 278 1 1 658 0 1 485 0 1 576 0 0 522 1 1 480 0 0 640 1 0 159 0 0 578 1 1 51
 0 0 811 0 0 651 1 1 789 1 0 828 0 1 830 1 1 1 0 1 341 0 0 456 0 0 499 0 0 763
 1 1 396 0 1 464 1 1 147 1 1 137 0 0 467 1 1 81 0 1 571 0 1 897 1 1 239 0 1 53
 1 1 736 0 0 808 1 1 106 1 1 832 0 1 225 1 1 819 1 0 151 0 1 776 1 1 326 0 1
 867 1 1 318 1 0 503 0 1 149 1 1 507 1 1 393 0 1 357 0 1 403 1 1 750 1 1 688 1
 0 728 1 1 337 1 0 710 1 1 697 0 1 981 0 0 770 1 1 151 1 1 860 1 1 148 1 0 357
 0 1 946 1 1 527 0 0 600 1 0 848 0 0 402 1 0 159 1 1 873 1 1 62 1 0 906 0 0 241
 1 0 495 1 0 193 0 1 784 1 0 142 1 0 527 0 1 835 1 1 336 0 0 76 1 1 574 1 0 379
 1 0 185 0 0 424 1 1 258 1 1 7 1 0 264 0 0 975 0 0 794 0 1 900 1 0 963 0 1 111
 0 0 134 0 1 570 0 1 630 0 0 461 0 1 910 1 0 347 1 0 575 0 1 979 0 0 701 1 1 50
 0 1 701 1 1 11 1 0 226 0 1 39 1 0 636 1 0 654 0 1 623 0 1 814 0 1 813 1 0 758
 1 1 704 1 1 935 1 1 191 0 0 566 0 0 42 0 0 554 1 1 116 0 1 538 1 1 277 0 1 69
 1 0 474 0 1 409 1 1 393 0 1 510 0 1 169 1 1 598 1 1 799 0 1 489 1 1 567 1 1 73
 1 0 968 0 0 394 0 0 439 0 1 836 1 0 98 1 0 696 0 1 254 1 0 482 0 0 717 1 0 705
 1 1 783 1 0 555 0 1 572 1 1 705 0 0 842 0 1 259 1 0 746 0 0 662 0 0 297 1 0
 315 0 1 120 0 1 57 0 1 327 1 1 156 1 1 840 0 0 873 1 0 814 0 0 324 1 0 872 1 0
 912 0 1 769 0 1 405 1 0 3 0 1 34 1 0 434 1 1 882 1 0 688 0 0 646 1 0 249 1 0
 430 0 1 52 0 0 26 1 0 518 1 0 417 0 0 141 0 1 878 0 1 520 0 0 54 0 0 971 0 0
 264 1 0 636 1 1 485 1 0 998 0 1 967 1 1 550 0 1 512 0 0 467 1 0 98 0 1 637 0 0
 0 0 1 669 0 0 853 0 0 635 1 0 112 0 0 584 0 1 304 1 1 271 0 1 384 1 0 990 1 0
 782 0 1 951 1 0 448 0 0 597 1 0 143 0 1 350 1 1 379 1 0 202 0 1 12 0 0 226 1 1
 762 1 1 23 0 1 485 0 1 684 1 0 58 1 0 877 1 0 55 0 1 857 0 1 108 0 0 610 0 1
 503 1 0 343 1 1 128 1 1 190 1 0 285 1 0 762 1 1 26 0 1 976 0 0 323 0 0 264 0 0
 715 0 1 306 0 1 100 1 0 579 1 1 952 1 1 941 0 1 150 0 1 849 0 0 324 0 0 969 1
 0 472 0 0 888 1 0 772 1 0 321 0 1 732 0 1 720 0 1 647 0 1 83 1 1 205 0 1 891 1
 0 411 0 0 111 0 1 542 0 1 63 0 1 428 0 1 25 1 0 473 1 0 206 1 0 272 1 0 851 1
 0 666 1 1 376 0 0 817 1 1 886 0 0 789 1 0 331 1 0 85 1 1 383 0 0 327 1 1 761 0
 1 528 0 0 356 1 0 898 1 1 639 0 1 896 0 0 737 1 0 671 0 1 188 0 0 223 0 0 876
 1 1 740 1 1 576 1 0 29 1 0 980 0 1 117 0 0 644 0 1 984 1 1 694 1 0 523 0 1 443
 0 1 482 0 0 517 0 1 276 1 0 588 0 1 619 1 0 121 0 1 522 1 1 125 1 0 234 0 1
 987 1 0 598 0 1 105 1 0 281 0 0 591 0 0 231 1 0 351 1 0 686 0 1 98 1 1 62 1 1
 188 0 0 479 0 1 345 1 0 232 1 1 304 1 0 873 1 0 182 0 0 13 1 1 855 0 1 854 1 0
 541 0 1 86 1 0 433 1 0 220 0 0 526 0 0 861 0 1 592 1 1 873 1 0 45 1 0 558 1 0
 467 0 0 402 0 0 440 0 1 282 1 0 645 0 1 360 1 0 792 1 0 476 1 1 682 1 0 190 1
 0 742 1 0 73 1 0 348 0 0 60 0 0 65 0 1 540 1 1 588 1 0 396 1 1 544 1 1 401 1 0
 849 0 0 12 0 1 755 1 1 470 1 1 375 1 0 283 1 1 685 0 1 86 1 0 488 0 1 361 1 1
 813 0 0 274 0 1 136 0 1 295 0 1 294 1 0 439 1 1 203 0 1 223 1 1 761 0 0 427 1
 1 546 0 0 481 0 1 623 1 1 148 0 0 626 0 0 315 0 1 856 0 0 907 0 1 544 0 1 421
 1 1 353 0 1 571 0 0 541 0 1 458 0 1 705 0 1 268 0 0 659 0 0 277 0 0 295 0 0
 800 0 0 883 0 1 224 1 0 367 0 1 960 1 1 197 0 0 632 1 0 523 0 1 68 0 1 425 1 1
 391 1 1 183 0 0 284 0 1 51 1 1 827 1 1 426 0 0 517 1 1 833 1 1 604 1 1 354 1 0
 969 1 1 122 0 1 784 1 1 650 1 1 67 0 1 592 1 1 379 1 0 8 1 0 745 0 0 187 0 0
 251 1 1 22 1 1 196 0 0 617 0 1 677 1 0 136 1 1 352 1 1 163 0 0 103 0 0 340 0 0
 144 0 0 868 0 0 708 0 0 812 0 1 532 1 0 415 0 1 232 0 1 428 1 1 70 1 0 846 1 0
 510 1 0 161 0 1 541 0 1 559 0 1 519 0 0 399 0 1 141 1 1 610 0 0 347 1 0 545 0
 0 839 1 1 200 1 1 960 0 1 551 1 1 817 0 0 68 0 0 726 0 0 80 0 0 626 1 0 508 0
 1 552 0 1 827 0 0 155 0 1 264 0 1 872 1 1 47 0 0 591 0 1 267 0 0 693 0 0 373 1
 1 468 0 0 921 0 1 503 0 1 103 0 1 917 0 0 194 0 0 287 1 0 756 0 0 464 0 1 71 1
 1 777 0 0 616 0 1 365 0 1 544 0 1 548 0 0 292 0 0 130 0 1 469 0 0 375 1 0 856
 1 0 225 1 1 103 0 0 403 0 1 802 0 1 463 0 1 44 1 1 435 0 1 192 1 1 298 0 0 138
 1 1 326 0 1 412 0 0 291 1 0 344 1 0 804 1 0 504 1 0 599 0 0 974 0 1 432 1 1
 142 0 1 658 0 0 870 0 0 412 0 0 844 0 1 834 0 0 546 1 0 123 0 0 528 0 1 314 1
 0 622 1 1 319 1 0 926 1 0 314 1 1 62 0 1 72 1 1 934 1 0 509 1 1 569 0 1 400 0
 1 526 1 1 989 1 0 864 0 1 815 0 0 17 1 1 987 0 1 548 0 1 605 0 1 341 1 1 928 1
 0 354 1 1 443 0 0 488 1 0 149 1 0 491 0 0 305 0 0 155 0 1 231 1 1 678 0 1 354
 0 0 431 0 0 673 0 1 956 0 1 956 0 1 320 0 1 790 1 1 879 1 0 739 0 1 709 0 0
 740 1 1 154 0 1 343 0 1 782 0 1 41 0 0 313 1 1 80 0 0 948 1 0 50 0 0 641 1 0
 274 1 1 370 1 0 890 0 1 924 0 0 200 0 1 641 1 0 89 1 0 589 1 0 117 0 1 833 0 1
 673 0 1 100 0 1 795 1 1 457 0 1 930 1 1 76 0 0 54 0 1 274 1 1 460 0 1 398 1 0
 745 1 1 455 0 1 641 1 1 68 0 1 567 0 0 437 0 0 577 1 1 284 0 1 290 1 1 661 0 0
 478 1 0 499 1 1 827 1 1 135 0 1 124 0 0 12 0 0 989 0 1 811 0 0 197 0 0 652 0 0
 509 1 1 169 1 0 222 1 1 207 1 0 954 0 0 24 1 1 769 1 1 569 0 0 936 0 0 134 0 0
 519 0 0 700 0 1 457 1 0 925 1 0 749 0 1 810 1 1 12 0 0 9 1 0 729 1 0 34 1 1 53
 1 0 185 1 1 292 0 1 268 0 0 914 0 0 743 0 0 495 0 0 283 1 0 586 0 1 148 0 0 2
 0 0 946 0 0 873 0 1 534 1 0 854 1 0 69 1 1 938 0 1 800 1 1 582 0 0 136 1 0 745
 1 1 832 0 1 600 0 1 744 0 0 133 1 1 518 1 0 861 0 0 749 1 1 825 0 1 343 1 1 26
 1 1 563 0 1 206 1 1 55 1 1 760 1 0 788 0 0 945 1 0 23 1 0 372 1 0 21 0 0 553 1
 0 162 0 0 448 1 0 254 1 1 433 0 0 730 0 0 794 1 1 727 1 1 4 0 0 215 1 0 868 1
 0 717 0 0 842 0 0 802 1 1 95 1 0 601 1 1 842 0 0 207 1 1 265 0 1 50 0 1 427 1
 0 560 1 1 147 0 0 584 1 0 637 0 1 133 0 1 847 0 1 10 1 0 170 1 1 341 1 0 811 0
 1 908 0 1 266 1 0 211 0 1 633 1 0 925 0 1 189 0 1 348 1 1 394 1 1 493 0 0 606
 0 0 523 0 1 137 1 1 682 1 1 344 0 1 764 1 1 258 0 0 164 0 0 0 1 1 63 1 0 232 1
 0 806 0 1 115 1 0 695 1 0 755 0 1 185 0 1 395 0 1 337 1 0 356 1 1 673 1 1 607
 1 1 632 0 0 558 0 0 802 0 0 326 1 1 862 0 1 345 1 1 496 0 1 38 1 0 453 0 1 435
 1 1 458 0 1 150 0 1 747 1 1 682 1 1 222 0 1 174 1 1 863 1 1 409 1 0 677 0 0
 177 0 0 828 0 1 756 1 0 922 1 0 942 0 1 61 1 0 397 0 0 581 1 0 606 1 1 468 1 0
 649 0 1 798 1 1 30 0 0 767 0 1 407 1 0 117 0 0 668 0 0 256 1 0 905 0 1 612 0 1
 226 0 1 93 1 1 169 1 1 897 0 0 261 1 0 353 0 0 127 1 0 365 1 0 872 0 1 294 0 1
 112 1 0 114 0 1 670 1 0 215 1 1 941 1 0 670 0 0 309 1 0 311 1 0 628 0 1 365 0
 0 284 1 0 693 1 0 907 0 0 497 0 1 338 0 1 638 0 0 309 0 0 153 0 0 743 1 0 997
 1 1 824 1 0 831 0 1 472 1 1 801 0 1 533 0 0 547 1 0 710 0 1 204 0 0 599 0 1
 924 0 0 375 0 0 639 1 0 668 0 0 783 0 1 399 1 1 535 0 1 340 1 0 323 1 0 318 0
 1 352 1 0 225 0 0 605 1 0 304 0 1 749 1 1 524 1 0 168 0 1 981 0 0 652 1 1 408
 1 1 913 0 1 811 0 1 590 1 0 151 1 0 243 1 0 317 0 1 562 0 1 933 0 0 593 0 1
 724 1 0 823 1 1 784 1 1 736 1 0 36 1 0 261 1 1 907 0 1 714 0 0 697 0 0 218 0 0
 504 0 1 612 0 1 180 1 0 271 1 1 790 1 1 578 0 1 591 0 1 90 0 0 896 0 0 559 1 0
 659 0 0 748 1 0 954 1 0 222 0 1 78 0 1 940 0 1 415 0 1 99 1 1 799 0 1 790 1 0
 778 0 0 858 0 1 851 0 1 826 0 1 108 0 1 171 1 0 423 1 0 441 1 0 368 1 0 516 1
 0 34 1 1 102 0 0 688 1 1 567 0 0 96 1 0 357 1 0 858 1 1 678 0 0 194 1 1 334 0
 1 775 0 0 153 1 0 661 1 1 452 0 1 795 0 0 880 1 0 134 0 1 368 0 0 658 0 0 180
 1 1 636 1 1 888 1 0 870 1 0 855 0 1 960 0 0 202 0 1 688 1 1 90 1 0 174 0 1 750
 0 1 522 0 0 123 0 1 821 1 0 844 0 1 768 1 0 942 0 1 307 1 1 608 1 0 394 0 1
 423 1 0 532 0 1 941 1 0 872 0 0 148 0 0 674 1 0 250 1 0 194 0 1 171 1 1 174 1
 1 761 0 0 183 0 1 97 1 0 493 1 1 303 1 0 662 1 0 433 0 0 824 1 1 739 0 1 400 1
 0 990 0 1 180 1 0 817 1 0 470 0 0 448 0 0 502 0 1 909 1 1 798 1 0 843 1 0 278
 1 0 360 0 0 784 0 0 676 0 1 597 1 0 332 0 1 990 1 0 113 1 0 512 1 1 74 1 0 33
 1 0 650 1 0 231 1 0 980 0 0 448 0 0 597 0 1 678 1 1 478 1 0 881 1 1 302 1 1
 914 1 0 991 0 0 502 0 1 810 1 1 926 1 1 396 1 0 497 1 1 900 0 1 784 1 0 928 0
 0 24 0 0 173 0 0 524 0 0 608 0 1 393 1 0 908 0 1 135 1 1 69 0 0 673 1 0 213 0
 1 988 0 1 856 1 1 525 1 1 486 0 0 926 0 1 443 1 1 785 1 1 336 0 0 351 1 1 752
 1 1 253 1 1 257 1 0 964 1 1 641 0 1 496 1 1 218 1 1 604 0 1 370 1 1 288 1 0
 685 1 0 548 0 0 726 0 0 821 1 1 935 1 1 37 0 0 406 0 1 649 1 0 70 1 1 391 1 1
 673 0 0 477 0 0 809 0 0 641 0 0 183 0 0 303 0 0 412 0 1 193 1 0 839 0 1 393 0
 1 621 1 0 591 0 0 388 1 1 84 1 1 652 0 1 359 1 0 548 0 0 165 0 0 451 0 1 139 1
 0 914 1 1 611 1 0 304 0 1 654 1 0 725 1 0 47 1 1 508 1 1 730 1 1 172 0 1 657 1
 1 700 1 0 61 0 0 924 1 1 816 1 0 998 1 1 51 0 1 103 1 0 908 1 0 581 1 1 40 0 0
 906 0 1 372 0 0 759 0 0 77 1 0 845 1 1 742 0 0 478 0 0 219 1 1 422 0 0 536 1 0
 54 0 1 43 1 0 22 1 0 960 1 1 990 1 1 16 1 0 996 0 1 433 1 1 84 0 1 190 0 0 763
 1 0 693 0 0 429 1 1 833 0 0 605 0 0 865 1 0 238 0 0 824 0 1 650 0 0 965 1 1 88
 1 0 243 0 0 125 0 1 437 1 0 38 1 1 212 0 0 107 0 0 920 1 0 771 0 0 237 1 1 936
 0 0 467 0 1 77 1 1 647 0 0 51 0 1 603 0 1 640 0 0 780 0 0 235 0 1 560 1 1 237
 0 0 19 1 1 988 1 0 106 0 0 10 0 1 549 1 1 829 0 1 201 0 0 574 0 1 592 1 0 815
 0 0 494 0 1 43 0 0 199 0 1 393 0 1 605 1 0 776 0 0 427 1 0 877 0 0 461 1 1 487
 1 0 899 0 0 349 1 0 747 1 1 926 0 1 138 0 0 66 0 0 743 0 1 331 1 0 986 0 0 700
 1 0 229 0 0 732 1 0 905 1 1 306 0 1 936 1 0 870 1 1 164 1 1 943 1 1 154 0 1 51
 0 0 346 0 1 198 0 1 21 1 0 26 1 0 177 0 1 154 1 0 228 0 0 759 0 1 295 0 0 621
 0 1 510 1 0 836 1 0 631 0 1 669 0 1 21 0 0 826 1 1 676 1 0 394 1 0 434 1 0 811
 1 1 457 1 1 163 0 0 980 1 0 954 1 1 283 0 0 503 1 0 576 0 0 908 1 0 39 0 1 875
 1 1 920 0 0 625 0 1 101 1 1 526 0 0 410 1 1 69 1 1 901 1 1 694 0 1 350 1 1 323
 1 1 522 1 1 379 1 1 433 0 1 946 0 1 222 1 1 564 0 1 412 0 1 817 1 1 786 0 0 63
 1 1 677 0 0 183 1 1 483 1 1 417 0 1 754 1 0 680 0 0 683 1 0 781 0 1 551 1 1
 965 1 0 93 0 0 974 0 0 111 1 1 517 1 1 709 1 1 391 0 1 464 0 0 490 0 1 412 0 0
 982 0 0 787 0 1 205 0 1 514 0 1 293 0 1 349 1 0 39 1 1 577 1 0 204 1 0 184 1 1
 450 1 0 895 0 1 662 0 0 621 1 0 373 0 1 194 0 1 777 0 1 951 1 1 958 0 1 738 1
 0 515 1 0 224 1 1 447 0 1 873 0 0 846 1 1 520 0 1 513 1 1 326 1 0 794 0 0 291
 1 0 915 1 1 366 1 0 947 1 0 491 1 1 465 0 0 783 0 1 11 1 0 130 1 0 125 1 1 71
 1 1 533 0 0 24 1 1 36 1 0 379 0 1 21 0 1 839 1 1 471 1 1 78 0 0 595 1 0 70 0 1
 822 1 0 73 0 1 610 0 1 877 0 0 962 1 1 626 1 1 742 1 0 723 1 1 664 0 0 99 1 1
 366 1 0 163 1 1 578 0 1 779 0 0 701 0 0 83 0 1 321 1 0 772 1 0 411 0 0 993 0 0
 90 0 0 347 1 0 350 0 0 450 0 0 107 0 0 525 0 0 537 1 0 139 1 1 539 0 1 340 0 0
 118 0 0 31 1 0 409 1 0 946 1 0 920 0 1 640 0 1 119 0 0 935 1 1 119 0 1 85 1 1
 820 0 0 803 1 1 624 0 0 590 0 0 349 1 0 23 0 1 230 0 0 426 1 0 343 0 0 687 1 1
 667 1 1 235 0 0 336 0 1 655 1 0 22 0 0 225 0 1 861 1 1 635 0 0 599 0 1 334 0 1
 274 0 0 77 1 1 672 1 1 256 0 1 738 1 1 774 1 0 434)
States: 1000

State   Read    Write   Move    Next-State
1       0       0       0       879
1       1       0       1       481
2       0       1       1       846
2       1       0       0       394
3       0       0       1       667
3       1       0       1       507
4       0       0       0       252
4       1       1       1       645
5       0       1       1       226
5       1       0       1       912
6       0       1       1       152
6       1       1       0       935
7       0       0       1       933
7       1       1       0       638
8       0       1       1       946
8       1       1       0       225
9       0       1       0       572
9       1       0       0       406
10      0       1       1       656
10      1       1       1       84
11      0       1       1       511
11      1       0       0       537
12      0       1       1       736
12      1       1       0       898
13      0       1       0       596
13      1       0       0       105
14      0       0       0       765
14      1       1       0       891
15      0       0       0       925
15      1       1       1       265
16      0       1       0       154
16      1       1       1       0
17      0       0       0       228
17      1       0       0       799
18      0       0       1       328
18      1       0       1       124
19      0       1       1       832
19      1       1       1       249
20      0       1       1       244
20      1       0       1       96
21      0       1       0       772
21      1       1       1       525
22      0       0       0       722
22      1       0       1       961
23      0       0       0       945
23      1       1       0       386
24      0       1       1       469
24      1       1       0       676
25      0       1       0       966
25      1       1       1       217
26      0       1       1       763
26      1       1       0       670
27      0       1       1       221
27      1       1       0       86
28      0       0       1       491
28      1       1       1       710
29      0       0       1       132
29      1       0       0       483
30      0       0       0       109
30      1       0       0       805
31      0       1       0       242
31      1       1       1       791
32      0       0       0       384
32      1       0       1       873
33      0       1       1       6
33      1       0       0       349
34      0       1       1       209
34      1       0       0       508
35      0       1       1       885
35      1       0       0       361
36      0       0       1       277
36      1       1       0       855
37      0       0       0       205
37      1       1       0       300
38      0       0       0       910
38      1       0       1       429
39      0       1       1       949
39      1       0       0       841
40      0       0       0       797
40      1       0       0       98
41      0       0       1       529
41      1       1       0       541
42      0       0       0       104
42      1       1       1       478
43      0       1       0       819
43      1       0       1       645
44      0       0       1       805
44      1       0       0       583
45      0       0       0       710
45      1       1       1       626
46      0       0       1       709
46      1       0       1       781
47      0       1       0       307
47      1       0       0       537
48      0       0       1       177
48      1       0       1       479
49      0       0       0       829
49      1       0       0       337
50      0       0       1       623
50      1       1       1       486
51      0       0       0       521
51      1       0       0       621
52      0       1       1       786
52      1       0       0       389
53      0       1       1       919
53      1       1       0       557
54      0       0       0       380
54      1       1       0       3
55      0       1       0       390
55      1       1       1       722
56      0       1       1       827
56      1       1       0       122
57      0       0       0       845
57      1       1       1       73
58      0       1       1       122
58      1       1       1       218
59      0       1       1       617
59      1       0       0       570
60      0       1       0       938
60      1       1       1       84
61      0       1       1       131
61      1       0       1       939
62      0       0       0       273
62      1       1       1       306
63      0       0       0       912
63      1       1       0       514
64      0       0       1       415
64      1       0       1       856
65      0       0       1       868
65      1       1       0       939
66      0       1       0       420
66      1       1       1       52
67      0       0       1       733
67      1       0       0       53
68      0       0       1       822
68      1       1       0       659
69      0       0       0       70
69      1       1       0       789
70      0       0       0       101
70      1       1       0       191
71      0       0       1       338
71      1       0       0       649
72      0       0       1       634
72      1       1       1       600
73      0       0       1       363
73      1       0       1       974
74      0       0       0       594
74      1       0       0       749
75      0       1       1       728
75      1       0       0       598
76      0       0       0       756
76      1       0       1       637
77      0       1       0       389
77      1       0       0       319
78      0       0       0       136
78      1       1       0       122
79      0       1       0       154
79      1       1       0       48
80      0       0       1       641
80      1       1       0       281
81      0       0       0       173
81      1       1       1       127
82      0       0       1       415
82      1       1       0       401
83      0       0       0       741
83      1       1       1       342
84      0       0       1       911
84      1       1       0       911
85      0       1       1       952
85      1       1       1       598
86      0       1       0       13
86      1       1       1       734
87      0       0       0       467
87      1       1       1       171
88      0       0       1       418
88      1       1       1       312
89      0       0       0       672
89      1       0       0       474
90      0       1       1       694
90      1       0       1       855
91      0       0       0       647
91      1       1       0       35
92      0       0       1       560
92      1       1       0       406
93      0       1       0       808
93      1       1       1       999
94      0       1       1       365
94      1       1       0       446
95      0       0       1       692
95      1       1       1       4
96      0       0       1       33
96      1       0       0       793
97      0       1       0       181
97      1       0       0       724
98      0       1       1       149
98      1       0       0       123
99      0       0       0       730
99      1       1       0       135
100     0       0       0       373
100     1       0       1       261
101     0       0       0       606
101     1       1       1       509
102     0       1       0       187
102     1       0       0       841
103     0       0       1       235
103     1       1       0       1
104     0       1       1       977
104     1       0       0       90
105     0       0       0       879
105     1       1       0       681
106     0       0       0       721
106     1       1       1       652
107     0       0       0       632
107     1       0       1       512
108     0       1       1       830
108     1       0       0       847
109     0       0       1       897
109     1       0       1       457
110     0       0       0       757
110     1       0       0       709
111     0       0       1       473
111     1       1       1       775
112     0       0       0       306
112     1       1       1       202
113     0       1       0       319
113     1       0       0       657
114     0       0       1       149
114     1       1       1       378
115     0       0       1       166
115     1       0       0       161
116     0       0       1       702
116     1       1       0       143
117     0       0       0       172
117     1       0       1       550
118     0       0       0       755
118     1       0       1       132
119     0       0       1       491
119     1       1       0       220
120     0       0       0       511
120     1       1       0       728
121     0       0       0       883
121     1       1       1       300
122     0       1       0       252
122     1       0       0       243
123     0       1       0       463
123     1       1       1       953
124     0       0       1       634
124     1       0       0       319
125     0       0       0       836
125     1       0       1       714
126     0       1       0       263
126     1       0       0       91
127     0       1       0       374
127     1       0       0       627
128     0       1       0       254
128     1       1       1       249
129     0       0       1       220
129     1       1       0       413
130     0       1       1       883
130     1       1       1       499
131     0       1       1       403
131     1       0       1       85
132     0       0       0       259
132     1       0       1       551
133     0       0       1       883
133     1       1       0       816
134     0       1       0       611
134     1       0       1       584
135     0       1       0       424
135     1       0       0       262
136     0       0       1       550
136     1       0       0       504
137     0       0       1       352
137     1       1       0       744
138     0       1       0       780
138     1       0       1       254
139     0       0       1       994
139     1       0       0       299
140     0       1       1       301
140     1       1       0       1
141     0       1       0       531
141     1       1       0       18
142     0       1       1       556
142     1       1       1       42
143     0       0       0       167
143     1       1       0       80
144     0       1       1       429
144     1       0       0       380
145     0       1       0       865
145     1       0       0       846
146     0       1       0       226
146     1       0       1       42
147     0       1       1       621
147     1       0       0       849
148     0       0       1       566
148     1       1       1       318
149     0       0       0       595
149     1       1       1       586
150     0       1       1       344
150     1       1       1       514
151     0       0       1       39
151     1       1       1       446
152     0       1       1       540
152     1       1       1       771
153     0       1       1       985
153     1       0       1       46
154     0       0       1       960
154     1       1       1       289
155     0       0       1       458
155     1       0       1       632
156     0       1       1       277
156     1       0       0       988
157     0       1       1       362
157     1       0       0       218
158     0       1       1       65
158     1       1       1       94
159     0       0       1       675
159     1       1       0       220
160     0       0       0       264
160     1       1       0       146
161     0       0       1       601
161     1       1       1       455
162     0       1       0       832
162     1       0       0       580
163     0       0       0       825
163     1       1       1       645
164     0       1       1       631
164     1       1       1       799
165     0       0       1       220
165     1       0       0       308
166     0       0       1       112
166     1       0       0       159
167     0       0       0       916
167     1       0       1       376
168     0       0       1       639
168     1       0       1       555
169     0       0       1       570
169     1       1       0       264
170     0       1       1       795
170     1       1       0       249
171     0       1       0       512
171     1       1       1       119
172     0       1       0       737
172     1       0       1       16
173     0       0       0       223
173     1       1       0       368
174     0       0       1       752
174     1       0       1       713
175     0       0       1       565
175     1       1       1       358
176     0       0       1       911
176     1       1       0       314
177     0       1       0       73
177     1       1       1       273
178     0       0       1       749
178     1       0       0       201
179     0       1       1       788
179     1       0       1       34
180     0       1       1       474
180     1       1       0       642
181     0       0       0       34
181     1       1       0       926
182     0       1       1       550
182     1       1       0       180
183     0       1       0       993
183     1       1       1       598
184     0       0       0       818
184     1       0       1       654
185     0       1       0       359
185     1       1       0       943
186     0       1       1       48
186     1       1       1       486
187     0       0       0       482
187     1       1       1       551
188     0       1       0       510
188     1       0       1       728
189     0       0       1       770
189     1       1       1       562
190     0       1       1       334
190     1       0       0       511
191     0       1       0       670
191     1       0       1       719
192     0       1       0       312
192     1       0       1       770
193     0       0       1       758
193     1       0       0       379
194     0       1       1       42
194     1       1       1       778
195     0       1       0       718
195     1       1       1       820
196     0       0       0       705
196     1       1       1       160
197     0       1       0       396
197     1       1       1       141
198     0       0       1       441
198     1       0       0       605
199     0       0       0       386
199     1       0       1       356
200     0       1       0       369
200     1       1       0       547
201     0       0       0       413
201     1       0       0       201
202     0       0       0       885
202     1       1       0       381
203     0       0       0       769
203     1       0       0       415
204     0       0       0       442
204     1       0       0       671
205     0       1       0       215
205     1       1       1       349
206     0       0       1       2
206     1       0       0       861
207     0       0       0       399
207     1       1       0       625
208     0       1       0       741
208     1       1       0       442
209     0       0       1       720
209     1       0       1       387
210     0       0       0       47
210     1       1       1       897
211     0       0       1       861
211     1       1       1       544
212     0       0       0       480
212     1       1       1       747
213     0       0       0       205
213     1       0       0       929
214     0       1       0       423
214     1       0       1       870
215     0       0       0       108
215     1       1       0       944
216     0       0       0       644
216     1       1       1       812
217     0       1       1       91
217     1       0       0       480
218     0       0       1       532
218     1       1       0       800
219     0       0       0       817
219     1       0       1       796
220     0       1       1       739
220     1       0       0       892
221     0       0       1       46
221     1       0       1       352
222     0       0       0       203
222     1       1       1       79
223     0       1       1       533
223     1       0       1       439
224     0       1       1       896
224     1       1       0       817
225     0       0       1       145
225     1       1       0       230
226     0       1       1       311
226     1       1       0       202
227     0       1       0       595
227     1       0       0       429
228     0       1       1       699
228     1       1       1       956
229     0       1       1       22
229     1       0       0       18
230     0       1       1       702
230     1       1       0       479
231     0       1       0       584
231     1       0       0       493
232     0       0       0       292
232     1       1       0       820
233     0       0       0       176
233     1       1       1       209
234     0       1       0       651
234     1       1       1       978
235     0       0       0       228
235     1       0       0       623
236     0       0       1       553
236     1       0       1       765
237     0       1       1       253
237     1       1       1       841
238     0       1       1       794
238     1       0       1       160
239     0       1       0       908
239     1       1       1       300
240     0       0       0       23
240     1       0       1       228
241     0       0       0       299
241     1       1       0       870
242     0       1       1       938
242     1       1       0       605
243     0       1       0       503
243     1       1       1       384
244     0       1       1       600
244     1       1       0       866
245     0       1       1       932
245     1       1       0       668
246     0       0       1       533
246     1       1       1       746
247     0       0       1       209
247     1       0       0       906
248     0       0       0       464
248     1       0       0       536
249     0       1       0       358
249     1       1       1       80
250     0       0       0       922
250     1       0       1       386
251     0       1       1       641
251     1       0       0       0
252     0       1       1       360
252     1       0       0       26
253     0       1       1       438
253     1       0       0       54
254     0       0       1       661
254     1       1       0       955
255     0       0       0       214
255     1       1       0       24
256     0       0       0       324
256     1       0       1       205
257     0       1       1       260
257     1       0       0       483
258     0       0       0       706
258     1       0       0       316
259     0       0       1       734
259     1       1       0       634
260     0       0       0       917
260     1       1       1       219
261     0       1       0       201
261     1       0       1       214
262     0       0       1       487
262     1       0       0       368
263     0       0       0       356
263     1       1       1       842
264     0       0       1       744
264     1       0       1       73
265     0       1       0       838
265     1       0       0       482
266     0       0       1       67
266     1       0       1       696
267     0       0       0       434
267     1       0       0       113
268     0       0       1       400
268     1       1       1       247
269     0       0       0       848
269     1       0       0       371
270     0       1       1       147
270     1       0       0       797
271     0       1       1       696
271     1       1       0       187
272     0       0       0       162
272     1       1       0       890
273     0       1       0       715
273     1       1       1       478
274     0       1       1       302
274     1       1       0       363
275     0       0       0       986
275     1       1       1       920
276     0       1       1       738
276     1       1       1       479
277     0       1       1       555
277     1       0       0       46
278     0       1       0       206
278     1       1       0       697
279     0       1       1       867
279     1       1       1       898
280     0       1       1       854
280     1       0       0       10
281     0       0       0       12
281     1       0       0       55
282     0       1       1       191
282     1       0       1       673
283     0       1       1       200
283     1       0       1       673
284     0       1       0       549
284     1       0       1       260
285     0       1       1       339
285     1       0       1       165
286     0       0       1       607
286     1       1       1       762
287     0       1       1       374
287     1       0       1       863
288     0       1       1       325
288     1       1       1       480
289     0       1       0       700
289     1       0       0       53
290     0       0       0       318
290     1       0       1       249
291     0       1       0       558
291     1       1       0       384
292     0       0       1       692
292     1       1       0       396
293     0       0       0       979
293     1       1       0       708
294     0       1       1       273
294     1       1       0       532
295     0       0       1       507
295     1       1       1       448
296     0       0       0       419
296     1       0       1       208
297     0       1       0       490
297     1       0       0       356
298     0       0       0       698
298     1       1       0       441
299     0       0       1       71
299     1       0       1       364
300     0       0       1       86
300     1       1       1       521
301     0       1       1       482
301     1       0       0       257
302     0       1       0       398
302     1       0       0       409
303     0       1       0       49
303     1       1       0       238
304     0       0       1       864
304     1       0       1       151
305     0       1       0       28
305     1       0       1       590
306     0       1       0       378
306     1       1       1       103
307     0       1       0       862
307     1       0       0       416
308     0       1       0       143
308     1       1       0       639
309     0       0       1       280
309     1       0       0       559
310     0       1       0       92
310     1       1       0       676
311     0       0       0       278
311     1       0       1       208
312     0       0       1       845
312     1       0       0       632
313     0       0       0       447
313     1       0       0       385
314     0       1       0       296
314     1       1       1       87
315     0       1       0       245
315     1       0       1       965
316     0       1       1       369
316     1       0       1       898
317     0       0       0       951
317     1       0       1       520
318     0       0       1       877
318     1       0       1       135
319     0       1       1       866
319     1       0       0       204
320     0       1       1       492
320     1       1       0       856
321     0       0       0       101
321     1       0       0       545
322     0       1       0       658
322     1       0       1       135
323     0       0       0       547
323     1       0       0       260
324     0       0       1       430
324     1       0       0       103
325     0       1       1       556
325     1       1       0       931
326     0       1       0       170
326     1       0       0       359
327     0       1       0       940
327     1       0       1       4
328     0       1       0       232
328     1       1       1       907
329     0       1       1       920
329     1       1       1       541
330     0       0       1       522
330     1       1       1       171
331     0       0       0       705
331     1       0       1       22
332     0       1       1       845
332     1       0       0       168
333     0       1       0       837
333     1       0       1       805
334     0       0       0       590
334     1       1       1       841
335     0       0       0       890
335     1       0       0       378
336     0       1       0       487
336     1       1       0       119
337     0       1       0       654
337     1       1       1       497
338     0       0       0       278
338     1       1       1       658
339     0       0       1       485
339     1       0       1       576
340     0       0       0       522
340     1       1       1       480
341     0       0       0       640
341     1       1       0       159
342     0       0       0       578
342     1       1       1       51
343     0       0       0       811
343     1       0       0       651
344     0       1       1       789
344     1       1       0       828
345     0       0       1       830
345     1       1       1       1
346     0       0       1       341
346     1       0       0       456
347     0       0       0       499
347     1       0       0       763
348     0       1       1       396
348     1       0       1       464
349     0       1       1       147
349     1       1       1       137
350     0       0       0       467
350     1       1       1       81
351     0       0       1       571
351     1       0       1       897
352     0       1       1       239
352     1       0       1       53
353     0       1       1       736
353     1       0       0       808
354     0       1       1       106
354     1       1       1       832
355     0       0       1       225
355     1       1       1       819
356     0       1       0       151
356     1       0       1       776
357     0       1       1       326
357     1       0       1       867
358     0       1       1       318
358     1       1       0       503
359     0       0       1       149
359     1       1       1       507
360     0       1       1       393
360     1       0       1       357
361     0       0       1       403
361     1       1       1       750
362     0       1       1       688
362     1       1       0       728
363     0       1       1       337
363     1       1       0       710
364     0       1       1       697
364     1       0       1       981
365     0       0       0       770
365     1       1       1       151
366     0       1       1       860
366     1       1       1       148
367     0       1       0       357
367     1       0       1       946
368     0       1       1       527
368     1       0       0       600
369     0       1       0       848
369     1       0       0       402
370     0       1       0       159
370     1       1       1       873
371     0       1       1       62
371     1       1       0       906
372     0       0       0       241
372     1       1       0       495
373     0       1       0       193
373     1       0       1       784
374     0       1       0       142
374     1       1       0       527
375     0       0       1       835
375     1       1       1       336
376     0       0       0       76
376     1       1       1       574
377     0       1       0       379
377     1       1       0       185
378     0       0       0       424
378     1       1       1       258
379     0       1       1       7
379     1       1       0       264
380     0       0       0       975
380     1       0       0       794
381     0       0       1       900
381     1       1       0       963
382     0       0       1       111
382     1       0       0       134
383     0       0       1       570
383     1       0       1       630
384     0       0       0       461
384     1       0       1       910
385     0       1       0       347
385     1       1       0       575
386     0       0       1       979
386     1       0       0       701
387     0       1       1       50
387     1       0       1       701
388     0       1       1       11
388     1       1       0       226
389     0       0       1       39
389     1       1       0       636
390     0       1       0       654
390     1       0       1       623
391     0       0       1       814
391     1       0       1       813
392     0       1       0       758
392     1       1       1       704
393     0       1       1       935
393     1       1       1       191
394     0       0       0       566
394     1       0       0       42
395     0       0       0       554
395     1       1       1       116
396     0       0       1       538
396     1       1       1       277
397     0       0       1       69
397     1       1       0       474
398     0       0       1       409
398     1       1       1       393
399     0       0       1       510
399     1       0       1       169
400     0       1       1       598
400     1       1       1       799
401     0       0       1       489
401     1       1       1       567
402     0       1       1       73
402     1       1       0       968
403     0       0       0       394
403     1       0       0       439
404     0       0       1       836
404     1       1       0       98
405     0       1       0       696
405     1       0       1       254
406     0       1       0       482
406     1       0       0       717
407     0       1       0       705
407     1       1       1       783
408     0       1       0       555
408     1       0       1       572
409     0       1       1       705
409     1       0       0       842
410     0       0       1       259
410     1       1       0       746
411     0       0       0       662
411     1       0       0       297
412     0       1       0       315
412     1       0       1       120
413     0       0       1       57
413     1       0       1       327
414     0       1       1       156
414     1       1       1       840
415     0       0       0       873
415     1       1       0       814
416     0       0       0       324
416     1       1       0       872
417     0       1       0       912
417     1       0       1       769
418     0       0       1       405
418     1       1       0       3
419     0       0       1       34
419     1       1       0       434
420     0       1       1       882
420     1       1       0       688
421     0       0       0       646
421     1       1       0       249
422     0       1       0       430
422     1       0       1       52
423     0       0       0       26
423     1       1       0       518
424     0       1       0       417
424     1       0       0       141
425     0       0       1       878
425     1       0       1       520
426     0       0       0       54
426     1       0       0       971
427     0       0       0       264
427     1       1       0       636
428     0       1       1       485
428     1       1       0       998
429     0       0       1       967
429     1       1       1       550
430     0       0       1       512
430     1       0       0       467
431     0       1       0       98
431     1       0       1       637
432     0       0       0       0
432     1       0       1       669
433     0       0       0       853
433     1       0       0       635
434     0       1       0       112
434     1       0       0       584
435     0       0       1       304
435     1       1       1       271
436     0       0       1       384
436     1       1       0       990
437     0       1       0       782
437     1       0       1       951
438     0       1       0       448
438     1       0       0       597
439     0       1       0       143
439     1       0       1       350
440     0       1       1       379
440     1       1       0       202
441     0       0       1       12
441     1       0       0       226
442     0       1       1       762
442     1       1       1       23
443     0       0       1       485
443     1       0       1       684
444     0       1       0       58
444     1       1       0       877
445     0       1       0       55
445     1       0       1       857
446     0       0       1       108
446     1       0       0       610
447     0       0       1       503
447     1       1       0       343
448     0       1       1       128
448     1       1       1       190
449     0       1       0       285
449     1       1       0       762
450     0       1       1       26
450     1       0       1       976
451     0       0       0       323
451     1       0       0       264
452     0       0       0       715
452     1       0       1       306
453     0       0       1       100
453     1       1       0       579
454     0       1       1       952
454     1       1       1       941
455     0       0       1       150
455     1       0       1       849
456     0       0       0       324
456     1       0       0       969
457     0       1       0       472
457     1       0       0       888
458     0       1       0       772
458     1       1       0       321
459     0       0       1       732
459     1       0       1       720
460     0       0       1       647
460     1       0       1       83
461     0       1       1       205
461     1       0       1       891
462     0       1       0       411
462     1       0       0       111
463     0       0       1       542
463     1       0       1       63
464     0       0       1       428
464     1       0       1       25
465     0       1       0       473
465     1       1       0       206
466     0       1       0       272
466     1       1       0       851
467     0       1       0       666
467     1       1       1       376
468     0       0       0       817
468     1       1       1       886
469     0       0       0       789
469     1       1       0       331
470     0       1       0       85
470     1       1       1       383
471     0       0       0       327
471     1       1       1       761
472     0       0       1       528
472     1       0       0       356
473     0       1       0       898
473     1       1       1       639
474     0       0       1       896
474     1       0       0       737
475     0       1       0       671
475     1       0       1       188
476     0       0       0       223
476     1       0       0       876
477     0       1       1       740
477     1       1       1       576
478     0       1       0       29
478     1       1       0       980
479     0       0       1       117
479     1       0       0       644
480     0       0       1       984
480     1       1       1       694
481     0       1       0       523
481     1       0       1       443
482     0       0       1       482
482     1       0       0       517
483     0       0       1       276
483     1       1       0       588
484     0       0       1       619
484     1       1       0       121
485     0       0       1       522
485     1       1       1       125
486     0       1       0       234
486     1       0       1       987
487     0       1       0       598
487     1       0       1       105
488     0       1       0       281
488     1       0       0       591
489     0       0       0       231
489     1       1       0       351
490     0       1       0       686
490     1       0       1       98
491     0       1       1       62
491     1       1       1       188
492     0       0       0       479
492     1       0       1       345
493     0       1       0       232
493     1       1       1       304
494     0       1       0       873
494     1       1       0       182
495     0       0       0       13
495     1       1       1       855
496     0       0       1       854
496     1       1       0       541
497     0       0       1       86
497     1       1       0       433
498     0       1       0       220
498     1       0       0       526
499     0       0       0       861
499     1       0       1       592
500     0       1       1       873
500     1       1       0       45
501     0       1       0       558
501     1       1       0       467
502     0       0       0       402
502     1       0       0       440
503     0       0       1       282
503     1       1       0       645
504     0       0       1       360
504     1       1       0       792
505     0       1       0       476
505     1       1       1       682
506     0       1       0       190
506     1       1       0       742
507     0       1       0       73
507     1       1       0       348
508     0       0       0       60
508     1       0       0       65
509     0       0       1       540
509     1       1       1       588
510     0       1       0       396
510     1       1       1       544
511     0       1       1       401
511     1       1       0       849
512     0       0       0       12
512     1       0       1       755
513     0       1       1       470
513     1       1       1       375
514     0       1       0       283
514     1       1       1       685
515     0       0       1       86
515     1       1       0       488
516     0       0       1       361
516     1       1       1       813
517     0       0       0       274
517     1       0       1       136
518     0       0       1       295
518     1       0       1       294
519     0       1       0       439
519     1       1       1       203
520     0       0       1       223
520     1       1       1       761
521     0       0       0       427
521     1       1       1       546
522     0       0       0       481
522     1       0       1       623
523     0       1       1       148
523     1       0       0       626
524     0       0       0       315
524     1       0       1       856
525     0       0       0       907
525     1       0       1       544
526     0       0       1       421
526     1       1       1       353
527     0       0       1       571
527     1       0       0       541
528     0       0       1       458
528     1       0       1       705
529     0       0       1       268
529     1       0       0       659
530     0       0       0       277
530     1       0       0       295
531     0       0       0       800
531     1       0       0       883
532     0       0       1       224
532     1       1       0       367
533     0       0       1       960
533     1       1       1       197
534     0       0       0       632
534     1       1       0       523
535     0       0       1       68
535     1       0       1       425
536     0       1       1       391
536     1       1       1       183
537     0       0       0       284
537     1       0       1       51
538     0       1       1       827
538     1       1       1       426
539     0       0       0       517
539     1       1       1       833
540     0       1       1       604
540     1       1       1       354
541     0       1       0       969
541     1       1       1       122
542     0       0       1       784
542     1       1       1       650
543     0       1       1       67
543     1       0       1       592
544     0       1       1       379
544     1       1       0       8
545     0       1       0       745
545     1       0       0       187
546     0       0       0       251
546     1       1       1       22
547     0       1       1       196
547     1       0       0       617
548     0       0       1       677
548     1       1       0       136
549     0       1       1       352
549     1       1       1       163
550     0       0       0       103
550     1       0       0       340
551     0       0       0       144
551     1       0       0       868
552     0       0       0       708
552     1       0       0       812
553     0       0       1       532
553     1       1       0       415
554     0       0       1       232
554     1       0       1       428
555     0       1       1       70
555     1       1       0       846
556     0       1       0       510
556     1       1       0       161
557     0       0       1       541
557     1       0       1       559
558     0       0       1       519
558     1       0       0       399
559     0       0       1       141
559     1       1       1       610
560     0       0       0       347
560     1       1       0       545
561     0       0       0       839
561     1       1       1       200
562     0       1       1       960
562     1       0       1       551
563     0       1       1       817
563     1       0       0       68
564     0       0       0       726
564     1       0       0       80
565     0       0       0       626
565     1       1       0       508
566     0       0       1       552
566     1       0       1       827
567     0       0       0       155
567     1       0       1       264
568     0       0       1       872
568     1       1       1       47
569     0       0       0       591
569     1       0       1       267
570     0       0       0       693
570     1       0       0       373
571     0       1       1       468
571     1       0       0       921
572     0       0       1       503
572     1       0       1       103
573     0       0       1       917
573     1       0       0       194
574     0       0       0       287
574     1       1       0       756
575     0       0       0       464
575     1       0       1       71
576     0       1       1       777
576     1       0       0       616
577     0       0       1       365
577     1       0       1       544
578     0       0       1       548
578     1       0       0       292
579     0       0       0       130
579     1       0       1       469
580     0       0       0       375
580     1       1       0       856
581     0       1       0       225
581     1       1       1       103
582     0       0       0       403
582     1       0       1       802
583     0       0       1       463
583     1       0       1       44
584     0       1       1       435
584     1       0       1       192
585     0       1       1       298
585     1       0       0       138
586     0       1       1       326
586     1       0       1       412
587     0       0       0       291
587     1       1       0       344
588     0       1       0       804
588     1       1       0       504
589     0       1       0       599
589     1       0       0       974
590     0       0       1       432
590     1       1       1       142
591     0       0       1       658
591     1       0       0       870
592     0       0       0       412
592     1       0       0       844
593     0       0       1       834
593     1       0       0       546
594     0       1       0       123
594     1       0       0       528
595     0       0       1       314
595     1       1       0       622
596     0       1       1       319
596     1       1       0       926
597     0       1       0       314
597     1       1       1       62
598     0       0       1       72
598     1       1       1       934
599     0       1       0       509
599     1       1       1       569
600     0       0       1       400
600     1       0       1       526
601     0       1       1       989
601     1       1       0       864
602     0       0       1       815
602     1       0       0       17
603     0       1       1       987
603     1       0       1       548
604     0       0       1       605
604     1       0       1       341
605     0       1       1       928
605     1       1       0       354
606     0       1       1       443
606     1       0       0       488
607     0       1       0       149
607     1       1       0       491
608     0       0       0       305
608     1       0       0       155
609     0       0       1       231
609     1       1       1       678
610     0       0       1       354
610     1       0       0       431
611     0       0       0       673
611     1       0       1       956
612     0       0       1       956
612     1       0       1       320
613     0       0       1       790
613     1       1       1       879
614     0       1       0       739
614     1       0       1       709
615     0       0       0       740
615     1       1       1       154
616     0       0       1       343
616     1       0       1       782
617     0       0       1       41
617     1       0       0       313
618     0       1       1       80
618     1       0       0       948
619     0       1       0       50
619     1       0       0       641
620     0       1       0       274
620     1       1       1       370
621     0       1       0       890
621     1       0       1       924
622     0       0       0       200
622     1       0       1       641
623     0       1       0       89
623     1       1       0       589
624     0       1       0       117
624     1       0       1       833
625     0       0       1       673
625     1       0       1       100
626     0       0       1       795
626     1       1       1       457
627     0       0       1       930
627     1       1       1       76
628     0       0       0       54
628     1       0       1       274
629     0       1       1       460
629     1       0       1       398
630     0       1       0       745
630     1       1       1       455
631     0       0       1       641
631     1       1       1       68
632     0       0       1       567
632     1       0       0       437
633     0       0       0       577
633     1       1       1       284
634     0       0       1       290
634     1       1       1       661
635     0       0       0       478
635     1       1       0       499
636     0       1       1       827
636     1       1       1       135
637     0       0       1       124
637     1       0       0       12
638     0       0       0       989
638     1       0       1       811
639     0       0       0       197
639     1       0       0       652
640     0       0       0       509
640     1       1       1       169
641     0       1       0       222
641     1       1       1       207
642     0       1       0       954
642     1       0       0       24
643     0       1       1       769
643     1       1       1       569
644     0       0       0       936
644     1       0       0       134
645     0       0       0       519
645     1       0       0       700
646     0       0       1       457
646     1       1       0       925
647     0       1       0       749
647     1       0       1       810
648     0       1       1       12
648     1       0       0       9
649     0       1       0       729
649     1       1       0       34
650     0       1       1       53
650     1       1       0       185
651     0       1       1       292
651     1       0       1       268
652     0       0       0       914
652     1       0       0       743
653     0       0       0       495
653     1       0       0       283
654     0       1       0       586
654     1       0       1       148
655     0       0       0       2
655     1       0       0       946
656     0       0       0       873
656     1       0       1       534
657     0       1       0       854
657     1       1       0       69
658     0       1       1       938
658     1       0       1       800
659     0       1       1       582
659     1       0       0       136
660     0       1       0       745
660     1       1       1       832
661     0       0       1       600
661     1       0       1       744
662     0       0       0       133
662     1       1       1       518
663     0       1       0       861
663     1       0       0       749
664     0       1       1       825
664     1       0       1       343
665     0       1       1       26
665     1       1       1       563
666     0       0       1       206
666     1       1       1       55
667     0       1       1       760
667     1       1       0       788
668     0       0       0       945
668     1       1       0       23
669     0       1       0       372
669     1       1       0       21
670     0       0       0       553
670     1       1       0       162
671     0       0       0       448
671     1       1       0       254
672     0       1       1       433
672     1       0       0       730
673     0       0       0       794
673     1       1       1       727
674     0       1       1       4
674     1       0       0       215
675     0       1       0       868
675     1       1       0       717
676     0       0       0       842
676     1       0       0       802
677     0       1       1       95
677     1       1       0       601
678     0       1       1       842
678     1       0       0       207
679     0       1       1       265
679     1       0       1       50
680     0       0       1       427
680     1       1       0       560
681     0       1       1       147
681     1       0       0       584
682     0       1       0       637
682     1       0       1       133
683     0       0       1       847
683     1       0       1       10
684     0       1       0       170
684     1       1       1       341
685     0       1       0       811
685     1       0       1       908
686     0       0       1       266
686     1       1       0       211
687     0       0       1       633
687     1       1       0       925
688     0       0       1       189
688     1       0       1       348
689     0       1       1       394
689     1       1       1       493
690     0       0       0       606
690     1       0       0       523
691     0       0       1       137
691     1       1       1       682
692     0       1       1       344
692     1       0       1       764
693     0       1       1       258
693     1       0       0       164
694     0       0       0       0
694     1       1       1       63
695     0       1       0       232
695     1       1       0       806
696     0       0       1       115
696     1       1       0       695
697     0       1       0       755
697     1       0       1       185
698     0       0       1       395
698     1       0       1       337
699     0       1       0       356
699     1       1       1       673
700     0       1       1       607
700     1       1       1       632
701     0       0       0       558
701     1       0       0       802
702     0       0       0       326
702     1       1       1       862
703     0       0       1       345
703     1       1       1       496
704     0       0       1       38
704     1       1       0       453
705     0       0       1       435
705     1       1       1       458
706     0       0       1       150
706     1       0       1       747
707     0       1       1       682
707     1       1       1       222
708     0       0       1       174
708     1       1       1       863
709     0       1       1       409
709     1       1       0       677
710     0       0       0       177
710     1       0       0       828
711     0       0       1       756
711     1       1       0       922
712     0       1       0       942
712     1       0       1       61
713     0       1       0       397
713     1       0       0       581
714     0       1       0       606
714     1       1       1       468
715     0       1       0       649
715     1       0       1       798
716     0       1       1       30
716     1       0       0       767
717     0       0       1       407
717     1       1       0       117
718     0       0       0       668
718     1       0       0       256
719     0       1       0       905
719     1       0       1       612
720     0       0       1       226
720     1       0       1       93
721     0       1       1       169
721     1       1       1       897
722     0       0       0       261
722     1       1       0       353
723     0       0       0       127
723     1       1       0       365
724     0       1       0       872
724     1       0       1       294
725     0       0       1       112
725     1       1       0       114
726     0       0       1       670
726     1       1       0       215
727     0       1       1       941
727     1       1       0       670
728     0       0       0       309
728     1       1       0       311
729     0       1       0       628
729     1       0       1       365
730     0       0       0       284
730     1       1       0       693
731     0       1       0       907
731     1       0       0       497
732     0       0       1       338
732     1       0       1       638
733     0       0       0       309
733     1       0       0       153
734     0       0       0       743
734     1       1       0       997
735     0       1       1       824
735     1       1       0       831
736     0       0       1       472
736     1       1       1       801
737     0       0       1       533
737     1       0       0       547
738     0       1       0       710
738     1       0       1       204
739     0       0       0       599
739     1       0       1       924
740     0       0       0       375
740     1       0       0       639
741     0       1       0       668
741     1       0       0       783
742     0       0       1       399
742     1       1       1       535
743     0       0       1       340
743     1       1       0       323
744     0       1       0       318
744     1       0       1       352
745     0       1       0       225
745     1       0       0       605
746     0       1       0       304
746     1       0       1       749
747     0       1       1       524
747     1       1       0       168
748     0       0       1       981
748     1       0       0       652
749     0       1       1       408
749     1       1       1       913
750     0       0       1       811
750     1       0       1       590
751     0       1       0       151
751     1       1       0       243
752     0       1       0       317
752     1       0       1       562
753     0       0       1       933
753     1       0       0       593
754     0       0       1       724
754     1       1       0       823
755     0       1       1       784
755     1       1       1       736
756     0       1       0       36
756     1       1       0       261
757     0       1       1       907
757     1       0       1       714
758     0       0       0       697
758     1       0       0       218
759     0       0       0       504
759     1       0       1       612
760     0       0       1       180
760     1       1       0       271
761     0       1       1       790
761     1       1       1       578
762     0       0       1       591
762     1       0       1       90
763     0       0       0       896
763     1       0       0       559
764     0       1       0       659
764     1       0       0       748
765     0       1       0       954
765     1       1       0       222
766     0       0       1       78
766     1       0       1       940
767     0       0       1       415
767     1       0       1       99
768     0       1       1       799
768     1       0       1       790
769     0       1       0       778
769     1       0       0       858
770     0       0       1       851
770     1       0       1       826
771     0       0       1       108
771     1       0       1       171
772     0       1       0       423
772     1       1       0       441
773     0       1       0       368
773     1       1       0       516
774     0       1       0       34
774     1       1       1       102
775     0       0       0       688
775     1       1       1       567
776     0       0       0       96
776     1       1       0       357
777     0       1       0       858
777     1       1       1       678
778     0       0       0       194
778     1       1       1       334
779     0       0       1       775
779     1       0       0       153
780     0       1       0       661
780     1       1       1       452
781     0       0       1       795
781     1       0       0       880
782     0       1       0       134
782     1       0       1       368
783     0       0       0       658
783     1       0       0       180
784     0       1       1       636
784     1       1       1       888
785     0       1       0       870
785     1       1       0       855
786     0       0       1       960
786     1       0       0       202
787     0       0       1       688
787     1       1       1       90
788     0       1       0       174
788     1       0       1       750
789     0       0       1       522
789     1       0       0       123
790     0       0       1       821
790     1       1       0       844
791     0       0       1       768
791     1       1       0       942
792     0       0       1       307
792     1       1       1       608
793     0       1       0       394
793     1       0       1       423
794     0       1       0       532
794     1       0       1       941
795     0       1       0       872
795     1       0       0       148
796     0       0       0       674
796     1       1       0       250
797     0       1       0       194
797     1       0       1       171
798     0       1       1       174
798     1       1       1       761
799     0       0       0       183
799     1       0       1       97
800     0       1       0       493
800     1       1       1       303
801     0       1       0       662
801     1       1       0       433
802     0       0       0       824
802     1       1       1       739
803     0       0       1       400
803     1       1       0       990
804     0       0       1       180
804     1       1       0       817
805     0       1       0       470
805     1       0       0       448
806     0       0       0       502
806     1       0       1       909
807     0       1       1       798
807     1       1       0       843
808     0       1       0       278
808     1       1       0       360
809     0       0       0       784
809     1       0       0       676
810     0       0       1       597
810     1       1       0       332
811     0       0       1       990
811     1       1       0       113
812     0       1       0       512
812     1       1       1       74
813     0       1       0       33
813     1       1       0       650
814     0       1       0       231
814     1       1       0       980
815     0       0       0       448
815     1       0       0       597
816     0       0       1       678
816     1       1       1       478
817     0       1       0       881
817     1       1       1       302
818     0       1       1       914
818     1       1       0       991
819     0       0       0       502
819     1       0       1       810
820     0       1       1       926
820     1       1       1       396
821     0       1       0       497
821     1       1       1       900
822     0       0       1       784
822     1       1       0       928
823     0       0       0       24
823     1       0       0       173
824     0       0       0       524
824     1       0       0       608
825     0       0       1       393
825     1       1       0       908
826     0       0       1       135
826     1       1       1       69
827     0       0       0       673
827     1       1       0       213
828     0       0       1       988
828     1       0       1       856
829     0       1       1       525
829     1       1       1       486
830     0       0       0       926
830     1       0       1       443
831     0       1       1       785
831     1       1       1       336
832     0       0       0       351
832     1       1       1       752
833     0       1       1       253
833     1       1       1       257
834     0       1       0       964
834     1       1       1       641
835     0       0       1       496
835     1       1       1       218
836     0       1       1       604
836     1       0       1       370
837     0       1       1       288
837     1       1       0       685
838     0       1       0       548
838     1       0       0       726
839     0       0       0       821
839     1       1       1       935
840     0       1       1       37
840     1       0       0       406
841     0       0       1       649
841     1       1       0       70
842     0       1       1       391
842     1       1       1       673
843     0       0       0       477
843     1       0       0       809
844     0       0       0       641
844     1       0       0       183
845     0       0       0       303
845     1       0       0       412
846     0       0       1       193
846     1       1       0       839
847     0       0       1       393
847     1       0       1       621
848     0       1       0       591
848     1       0       0       388
849     0       1       1       84
849     1       1       1       652
850     0       0       1       359
850     1       1       0       548
851     0       0       0       165
851     1       0       0       451
852     0       0       1       139
852     1       1       0       914
853     0       1       1       611
853     1       1       0       304
854     0       0       1       654
854     1       1       0       725
855     0       1       0       47
855     1       1       1       508
856     0       1       1       730
856     1       1       1       172
857     0       0       1       657
857     1       1       1       700
858     0       1       0       61
858     1       0       0       924
859     0       1       1       816
859     1       1       0       998
860     0       1       1       51
860     1       0       1       103
861     0       1       0       908
861     1       1       0       581
862     0       1       1       40
862     1       0       0       906
863     0       0       1       372
863     1       0       0       759
864     0       0       0       77
864     1       1       0       845
865     0       1       1       742
865     1       0       0       478
866     0       0       0       219
866     1       1       1       422
867     0       0       0       536
867     1       1       0       54
868     0       0       1       43
868     1       1       0       22
869     0       1       0       960
869     1       1       1       990
870     0       1       1       16
870     1       1       0       996
871     0       0       1       433
871     1       1       1       84
872     0       0       1       190
872     1       0       0       763
873     0       1       0       693
873     1       0       0       429
874     0       1       1       833
874     1       0       0       605
875     0       0       0       865
875     1       1       0       238
876     0       0       0       824
876     1       0       1       650
877     0       0       0       965
877     1       1       1       88
878     0       1       0       243
878     1       0       0       125
879     0       0       1       437
879     1       1       0       38
880     0       1       1       212
880     1       0       0       107
881     0       0       0       920
881     1       1       0       771
882     0       0       0       237
882     1       1       1       936
883     0       0       0       467
883     1       0       1       77
884     0       1       1       647
884     1       0       0       51
885     0       0       1       603
885     1       0       1       640
886     0       0       0       780
886     1       0       0       235
887     0       0       1       560
887     1       1       1       237
888     0       0       0       19
888     1       1       1       988
889     0       1       0       106
889     1       0       0       10
890     0       0       1       549
890     1       1       1       829
891     0       0       1       201
891     1       0       0       574
892     0       0       1       592
892     1       1       0       815
893     0       0       0       494
893     1       0       1       43
894     0       0       0       199
894     1       0       1       393
895     0       0       1       605
895     1       1       0       776
896     0       0       0       427
896     1       1       0       877
897     0       0       0       461
897     1       1       1       487
898     0       1       0       899
898     1       0       0       349
899     0       1       0       747
899     1       1       1       926
900     0       0       1       138
900     1       0       0       66
901     0       0       0       743
901     1       0       1       331
902     0       1       0       986
902     1       0       0       700
903     0       1       0       229
903     1       0       0       732
904     0       1       0       905
904     1       1       1       306
905     0       0       1       936
905     1       1       0       870
906     0       1       1       164
906     1       1       1       943
907     0       1       1       154
907     1       0       1       51
908     0       0       0       346
908     1       0       1       198
909     0       0       1       21
909     1       1       0       26
910     0       1       0       177
910     1       0       1       154
911     0       1       0       228
911     1       0       0       759
912     0       0       1       295
912     1       0       0       621
913     0       0       1       510
913     1       1       0       836
914     0       1       0       631
914     1       0       1       669
915     0       0       1       21
915     1       0       0       826
916     0       1       1       676
916     1       1       0       394
917     0       1       0       434
917     1       1       0       811
918     0       1       1       457
918     1       1       1       163
919     0       0       0       980
919     1       1       0       954
920     0       1       1       283
920     1       0       0       503
921     0       1       0       576
921     1       0       0       908
922     0       1       0       39
922     1       0       1       875
923     0       1       1       920
923     1       0       0       625
924     0       0       1       101
924     1       1       1       526
925     0       0       0       410
925     1       1       1       69
926     0       1       1       901
926     1       1       1       694
927     0       0       1       350
927     1       1       1       323
928     0       1       1       522
928     1       1       1       379
929     0       1       1       433
929     1       0       1       946
930     0       0       1       222
930     1       1       1       564
931     0       0       1       412
931     1       0       1       817
932     0       1       1       786
932     1       0       0       63
933     0       1       1       677
933     1       0       0       183
934     0       1       1       483
934     1       1       1       417
935     0       0       1       754
935     1       1       0       680
936     0       0       0       683
936     1       1       0       781
937     0       0       1       551
937     1       1       1       965
938     0       1       0       93
938     1       0       0       974
939     0       0       0       111
939     1       1       1       517
940     0       1       1       709
940     1       1       1       391
941     0       0       1       464
941     1       0       0       490
942     0       0       1       412
942     1       0       0       982
943     0       0       0       787
943     1       0       1       205
944     0       0       1       514
944     1       0       1       293
945     0       0       1       349
945     1       1       0       39
946     0       1       1       577
946     1       1       0       204
947     0       1       0       184
947     1       1       1       450
948     0       1       0       895
948     1       0       1       662
949     0       0       0       621
949     1       1       0       373
950     0       0       1       194
950     1       0       1       777
951     0       0       1       951
951     1       1       1       958
952     0       0       1       738
952     1       1       0       515
953     0       1       0       224
953     1       1       1       447
954     0       0       1       873
954     1       0       0       846
955     0       1       1       520
955     1       0       1       513
956     0       1       1       326
956     1       1       0       794
957     0       0       0       291
957     1       1       0       915
958     0       1       1       366
958     1       1       0       947
959     0       1       0       491
959     1       1       1       465
960     0       0       0       783
960     1       0       1       11
961     0       1       0       130
961     1       1       0       125
962     0       1       1       71
962     1       1       1       533
963     0       0       0       24
963     1       1       1       36
964     0       1       0       379
964     1       0       1       21
965     0       0       1       839
965     1       1       1       471
966     0       1       1       78
966     1       0       0       595
967     0       1       0       70
967     1       0       1       822
968     0       1       0       73
968     1       0       1       610
969     0       0       1       877
969     1       0       0       962
970     0       1       1       626
970     1       1       1       742
971     0       1       0       723
971     1       1       1       664
972     0       0       0       99
972     1       1       1       366
973     0       1       0       163
973     1       1       1       578
974     0       0       1       779
974     1       0       0       701
975     0       0       0       83
975     1       0       1       321
976     0       1       0       772
976     1       1       0       411
977     0       0       0       993
977     1       0       0       90
978     0       0       0       347
978     1       1       0       350
979     0       0       0       450
979     1       0       0       107
980     0       0       0       525
980     1       0       0       537
981     0       1       0       139
981     1       1       1       539
982     0       0       1       340
982     1       0       0       118
983     0       0       0       31
983     1       1       0       409
984     0       1       0       946
984     1       1       0       920
985     0       0       1       640
985     1       0       1       119
986     0       0       0       935
986     1       1       1       119
987     0       0       1       85
987     1       1       1       820
988     0       0       0       803
988     1       1       1       624
989     0       0       0       590
989     1       0       0       349
990     0       1       0       23
990     1       0       1       230
991     0       0       0       426
991     1       1       0       343
992     0       0       0       687
992     1       1       1       667
993     0       1       1       235
993     1       0       0       336
994     0       0       1       655
994     1       1       0       22
995     0       0       0       225
995     1       0       1       861
996     0       1       1       635
996     1       0       0       599
997     0       0       1       334
997     1       0       1       274
998     0       0       0       77
998     1       1       1       672
999     0       1       1       256
999     1       0       1       738
1000    0       1       1       774
1000    1       1       0       434

Fitness Score       : 2793.2383
Halted              : T
Sigma               : 27
Shifts              : 921
Last State          : 0
Last Position       : -37
Length Traversed    : 46
Avg Block Size      : 2.25
Max Block Size      : 7
Condensed Tape: (1 1 2 1 1 2 1 3 1 1 6 7)
**************************************************
