
******** Search completed in 169.159 secs ********

Population size  : 200
Generations      : 20
Mutation Rate    : 1/5
Machine States   : 1000
Shift Limit      : 1000
Fitness weights: 
  Weight a   : 1/50
  Weight b   : 1/20
  Weight c   : 1/50
  Weight d   : 1/30
  Weight e   : 1200
  Weight f   : 1/50
  Weight g   : 1/30
  Weight h   : 1
  Weight i   : 700

**************************************************


******************* best fit *********************
Machine #: (0 1 661 0 0 807 0 0 186 1 1 540 0 1 903 1 1 256 0 1 894 1 0 89 0 1 711 0 1 681
 0 0 933 1 1 308 1 0 158 0 1 785 0 1 234 1 0 755 1 0 113 0 1 101 1 1 912 0 0
 586 1 0 449 1 1 120 1 1 643 0 1 834 1 0 115 0 0 482 0 0 229 0 1 759 1 1 942 1
 1 914 1 1 675 1 1 891 0 0 951 0 0 229 0 0 327 0 1 966 1 0 108 0 1 344 0 0 862
 1 0 395 1 0 676 0 0 107 0 0 224 0 0 789 1 0 837 0 0 147 1 0 345 0 0 792 1 0
 168 0 1 378 1 1 214 0 1 887 1 0 14 1 1 29 0 0 968 1 0 543 0 1 516 1 1 780 1 1
 931 0 1 566 1 1 199 1 1 85 0 0 541 1 1 268 1 0 260 1 0 743 1 1 661 0 0 91 0 0
 10 1 0 483 1 0 454 0 1 878 1 1 396 1 0 326 1 0 30 0 0 876 0 1 329 0 0 652 0 1
 150 1 0 293 1 1 0 0 0 452 1 1 425 0 1 744 0 0 983 0 1 248 0 1 343 0 0 771 1 1
 348 1 0 135 0 0 797 0 1 386 0 0 429 0 0 132 1 1 752 1 1 251 0 1 388 1 1 226 0
 1 779 0 1 234 1 1 372 0 1 920 1 1 295 0 1 386 0 1 14 0 0 386 1 1 342 1 1 2 1 1
 629 0 0 718 1 0 316 1 0 331 1 1 746 1 1 271 0 0 665 1 0 357 1 0 285 0 1 615 1
 1 958 1 0 282 1 1 143 1 0 472 1 1 705 1 0 690 1 1 622 1 0 498 1 1 610 1 1 473
 1 1 485 0 0 94 1 1 267 1 1 198 1 1 374 0 0 726 1 1 120 0 0 115 0 0 125 0 1 672
 1 0 227 0 1 126 1 0 635 0 1 649 1 0 309 1 0 563 1 1 194 0 0 801 0 1 298 0 0 36
 0 1 690 0 1 977 0 1 460 1 0 186 0 0 172 0 1 932 0 1 771 0 1 909 1 1 726 0 0
 273 0 0 643 1 1 459 1 1 734 0 1 0 1 1 67 0 0 348 0 1 383 0 0 592 1 0 290 1 1
 778 1 1 683 0 0 710 1 1 237 0 0 14 1 1 587 0 0 778 1 1 991 1 0 291 1 1 880 0 1
 162 0 0 887 1 1 521 1 1 608 1 1 972 1 1 228 0 1 269 1 0 792 0 0 548 0 0 726 0
 0 228 1 0 242 0 1 672 0 1 747 1 1 130 1 0 73 0 0 324 1 1 181 1 1 804 0 0 147 1
 1 757 0 1 912 1 1 458 1 0 994 0 0 291 1 1 977 1 1 965 1 1 715 0 0 606 0 0 358
 1 1 503 0 1 555 1 0 561 1 1 643 0 1 483 0 1 115 0 0 265 0 0 394 1 1 509 0 1
 487 1 1 818 0 1 792 1 0 487 0 1 296 0 1 715 0 0 189 1 1 939 1 0 766 0 1 99 0 1
 324 1 0 701 1 0 417 0 1 634 1 1 899 0 0 675 1 0 319 1 1 383 1 1 756 0 1 951 1
 0 781 0 0 213 0 0 857 0 1 293 1 1 935 1 1 741 1 1 700 1 1 173 0 0 492 0 0 814
 0 0 135 0 1 396 1 0 632 0 1 69 0 0 305 1 0 879 1 0 283 0 0 448 0 0 366 0 0 350
 1 0 767 0 0 728 1 0 376 0 0 447 1 0 913 0 1 653 1 1 290 0 1 500 1 0 5 1 1 1 0
 0 339 1 0 8 0 1 20 1 1 188 1 1 13 0 1 415 1 1 643 1 1 770 0 0 594 1 1 485 1 0
 681 1 0 748 1 1 515 0 0 642 1 1 260 1 1 396 1 0 388 0 1 938 1 0 181 1 1 317 0
 1 211 1 1 258 0 1 331 0 1 759 1 0 545 0 1 55 1 1 277 1 1 539 1 0 351 1 1 211 1
 0 952 1 1 296 0 1 301 0 1 609 1 1 937 1 0 731 0 0 551 0 1 241 0 1 655 1 0 431
 0 1 898 1 0 129 0 1 664 0 0 612 1 1 540 1 0 427 1 0 407 0 1 551 1 0 70 1 1 753
 0 0 964 0 1 846 0 0 329 1 1 495 0 1 695 0 1 891 0 0 272 0 0 360 1 1 321 1 1
 186 1 1 559 0 1 868 0 1 424 1 0 526 0 0 367 1 1 507 0 0 663 1 1 155 1 0 738 0
 0 894 1 0 37 1 0 797 1 0 392 1 0 970 0 1 466 1 0 685 1 1 182 1 0 716 0 1 552 0
 1 40 0 1 546 1 1 467 0 1 692 0 0 729 0 0 444 1 1 65 1 1 932 0 0 553 0 1 668 0
 0 183 1 0 560 1 1 979 1 1 536 1 0 798 0 0 236 0 1 458 0 1 601 0 1 380 1 0 587
 1 1 23 0 1 723 1 0 326 0 0 839 1 1 804 0 1 176 1 0 210 0 1 595 0 0 754 0 0 445
 0 1 911 0 1 251 1 0 826 0 0 632 1 1 213 0 1 58 1 1 983 1 1 57 0 0 730 1 0 380
 0 1 362 1 0 750 1 0 910 0 1 559 0 1 475 0 1 709 1 0 96 0 1 599 1 1 882 1 0 377
 1 1 660 0 1 773 1 0 727 0 1 184 1 1 859 0 1 106 0 1 452 0 1 509 1 0 196 1 0
 863 0 1 427 1 1 642 0 0 68 0 1 949 1 1 350 1 1 583 1 1 916 1 1 535 0 0 485 1 1
 302 0 0 865 1 0 67 1 0 356 0 0 574 0 0 657 0 1 196 0 0 89 0 1 539 1 1 347 1 0
 167 1 1 267 1 1 739 1 0 872 1 0 445 0 0 738 1 0 758 0 0 50 0 1 518 1 0 730 1 0
 463 0 0 576 1 1 54 1 1 569 0 1 512 0 0 595 1 0 671 0 1 450 0 1 652 0 1 128 1 0
 454 1 0 802 0 0 544 0 1 384 1 0 702 1 1 558 0 0 629 1 0 806 1 0 885 1 0 979 1
 1 529 1 0 960 0 1 174 0 1 732 0 0 932 0 1 654 0 0 980 0 1 527 0 1 73 0 1 16 1
 0 66 0 0 504 0 1 6 0 1 451 0 1 855 1 1 697 0 0 480 0 0 707 1 1 651 1 1 530 0 1
 486 1 1 910 0 0 264 0 1 25 0 0 652 1 0 112 1 1 662 1 1 352 0 0 382 1 1 22 0 0
 875 1 1 753 0 0 649 1 1 888 1 0 24 1 1 408 0 1 876 0 0 930 1 1 641 1 1 723 1 1
 320 1 1 259 0 1 456 1 0 66 0 0 313 0 0 673 0 0 880 1 0 395 0 1 778 0 1 305 1 1
 473 1 0 57 0 0 63 1 1 530 1 1 328 0 0 107 1 1 599 0 1 838 1 1 459 1 0 808 0 0
 236 1 1 412 1 1 240 1 1 207 0 0 887 0 0 262 1 1 964 0 1 971 1 0 963 1 1 282 0
 1 986 0 1 470 0 0 164 0 0 458 1 1 776 0 1 578 1 1 337 0 1 423 1 0 475 0 1 648
 0 1 213 0 0 458 1 1 207 1 0 486 0 1 380 0 1 178 1 0 443 1 0 770 0 1 127 1 1
 532 0 0 448 1 0 890 1 1 259 1 1 91 0 1 498 1 0 479 0 0 777 0 0 889 0 1 901 1 1
 423 1 1 521 1 1 359 1 1 98 0 0 318 0 0 581 0 0 840 0 1 229 1 0 783 0 1 156 0 0
 853 1 0 39 1 0 720 0 0 165 0 0 746 0 0 429 1 0 284 0 0 970 1 0 221 0 0 680 1 0
 937 0 1 7 1 1 435 0 1 295 1 0 344 1 1 827 0 0 492 1 0 969 0 1 35 1 1 465 1 1
 951 0 1 875 1 1 14 1 1 810 0 0 875 1 1 743 1 0 313 1 0 376 1 1 760 0 0 383 1 1
 263 1 1 800 1 0 650 0 1 928 1 0 305 1 1 792 0 1 499 1 1 839 0 1 447 0 1 971 1
 0 411 0 1 461 1 1 528 1 1 804 1 0 908 1 1 538 1 0 969 1 1 914 0 1 31 0 1 187 1
 1 375 1 0 647 0 0 406 0 1 140 0 1 924 1 0 403 0 1 783 1 0 547 0 1 627 0 0 792
 1 1 788 1 0 387 1 0 21 0 1 16 1 0 621 1 1 484 0 0 371 0 1 718 0 0 488 1 1 381
 0 1 863 0 1 57 0 0 313 0 0 677 1 1 491 1 1 499 1 1 329 0 1 97 0 1 460 1 0 727
 0 0 222 1 1 603 0 0 388 1 1 122 1 0 971 0 0 371 1 0 862 1 0 484 1 0 832 1 0
 228 0 1 379 1 0 474 1 1 686 1 0 274 0 1 51 0 1 491 0 1 182 1 1 911 0 1 871 0 0
 706 0 0 905 1 1 417 1 1 954 0 0 769 0 1 859 0 0 612 1 0 757 1 1 945 1 1 811 1
 0 91 0 0 939 0 1 59 0 1 758 0 1 769 1 0 328 1 1 599 0 1 334 1 0 959 0 0 710 1
 1 939 0 1 592 1 0 157 0 1 140 0 0 42 0 0 835 0 1 525 0 1 346 1 0 602 0 0 706 1
 1 31 0 1 236 1 1 76 1 1 315 0 0 217 1 0 2 0 1 620 1 0 558 1 0 571 0 1 142 0 1
 236 0 1 642 1 0 247 0 1 980 1 1 91 1 0 56 1 1 174 0 1 925 1 0 654 0 1 220 1 1
 582 0 1 592 0 1 327 0 1 533 1 0 496 1 0 796 0 1 701 1 1 38 0 0 180 0 1 620 1 1
 986 1 1 346 1 1 158 1 1 854 0 0 736 1 1 979 0 0 221 1 0 56 1 0 458 0 0 12 0 0
 665 0 1 344 0 0 436 0 1 238 1 1 180 1 0 279 1 1 882 1 1 700 1 0 739 1 0 289 0
 0 658 1 0 85 0 0 628 0 1 869 1 0 256 1 0 292 0 0 312 1 1 177 1 1 949 0 1 360 0
 0 134 1 0 185 0 1 615 0 1 530 0 1 188 1 0 730 1 0 360 0 0 506 0 1 276 1 0 676
 1 1 847 0 0 147 1 0 276 1 0 889 1 0 188 1 1 521 1 0 868 0 1 399 0 1 788 0 0
 214 0 1 866 0 0 221 1 0 206 0 0 477 1 0 167 1 0 165 1 0 288 1 1 597 0 0 180 1
 1 776 0 1 305 0 0 636 1 1 439 1 0 177 0 1 59 1 1 695 0 1 788 0 0 391 0 1 309 1
 1 997 0 1 294 1 0 325 1 1 614 0 0 714 0 1 983 1 0 137 1 0 877 0 1 534 1 0 524
 0 0 480 1 1 539 0 1 837 0 1 538 0 0 47 0 0 996 1 1 98 0 1 353 1 1 137 0 0 607
 0 1 551 1 1 289 0 1 556 1 0 191 1 0 184 1 1 964 1 1 362 1 1 555 1 1 46 1 1 432
 0 0 73 0 0 3 1 1 649 1 1 994 1 0 561 1 0 70 0 0 951 0 1 185 1 0 632 1 1 769 0
 1 626 1 0 274 0 0 971 1 1 5 0 1 934 0 1 41 1 1 788 0 1 684 1 1 972 0 0 351 1 1
 240 0 1 439 0 0 621 0 1 508 0 1 917 1 0 479 1 0 497 0 0 766 1 1 109 0 1 265 0
 1 535 0 0 880 0 0 959 1 0 379 1 1 233 1 0 570 0 0 630 0 0 932 1 1 845 0 1 81 1
 0 825 0 0 950 1 1 270 0 0 287 0 0 610 0 0 186 0 1 922 0 0 435 1 0 139 0 0 592
 1 0 9 1 0 849 1 1 291 0 0 437 1 0 816 1 1 618 0 0 602 1 1 352 0 1 685 0 0 836
 1 0 707 0 0 297 0 1 613 1 1 894 0 1 914 0 1 126 0 0 82 1 0 397 1 0 164 1 1 822
 1 1 719 1 0 52 0 1 14 1 1 955 0 0 981 0 1 543 1 1 261 1 1 206 1 1 727 1 0 394
 1 1 648 1 1 539 0 0 948 0 1 731 1 1 315 1 0 374 0 1 899 1 0 977 1 1 980 1 0
 992 0 0 511 0 1 986 0 0 952 1 0 289 0 1 316 1 1 745 1 1 33 1 0 6 0 0 262 1 0
 714 0 0 663 1 1 697 0 0 738 0 1 941 1 1 167 1 1 940 0 1 560 1 1 127 0 1 695 1
 0 995 1 0 190 0 1 530 1 0 812 1 0 662 1 1 343 1 0 794 0 0 136 0 0 582 0 0 99 0
 1 705 1 1 877 0 1 546 0 0 780 1 1 219 1 1 752 1 1 768 1 1 638 0 1 451 1 0 91 1
 0 182 0 1 234 0 0 392 1 1 335 0 1 129 0 1 597 1 0 694 0 1 37 1 1 644 1 1 131 1
 1 100 0 0 127 1 0 495 0 0 412 0 1 391 1 1 293 0 1 848 0 1 526 0 1 369 1 0 589
 0 0 658 0 0 4 1 0 88 0 1 241 1 0 744 0 1 340 0 1 602 0 1 453 1 1 614 0 1 699 0
 1 941 1 0 507 1 1 588 0 0 279 1 0 663 0 0 520 1 0 695 0 0 708 1 1 417 1 1 478
 0 0 518 1 0 619 1 0 536 0 1 524 1 1 56 1 0 490 1 0 295 0 0 68 0 1 296 0 0 483
 0 1 76 1 0 68 1 1 474 0 0 792 1 1 118 0 1 395 0 0 659 0 1 542 0 1 897 0 0 543
 1 1 404 1 0 874 0 0 610 0 1 615 0 0 629 0 0 315 1 1 149 1 1 552 0 1 120 1 1
 349 0 1 240 0 1 794 1 1 27 0 1 744 1 1 680 0 1 69 0 1 900 0 0 407 1 1 99 1 1
 144 1 1 821 0 0 798 1 0 138 1 0 75 1 1 859 1 1 458 0 0 308 1 0 135 1 0 3 0 1
 203 1 1 607 1 0 442 1 1 698 1 0 706 1 1 987 1 0 412 1 1 394 1 0 967 1 1 560 1
 1 353 1 1 628 0 0 852 1 1 283 1 1 356 1 1 14 0 0 437 1 1 321 0 0 123 0 0 229 0
 1 746 1 0 545 0 1 970 1 0 603 0 1 196 1 0 114 1 0 957 1 1 622 0 0 501 0 1 783
 0 0 726 0 1 516 0 1 407 0 1 98 1 0 491 0 0 552 0 1 168 0 1 380 0 1 212 1 1 744
 0 0 362 0 0 301 1 1 236 1 1 587 0 1 96 1 1 484 0 0 13 0 1 522 0 0 901 1 0 989
 1 1 21 1 1 144 0 0 160 1 1 783 0 0 623 1 1 956 0 0 523 1 1 229 1 0 884 1 1 41
 0 1 91 0 0 682 1 1 913 1 1 588 1 1 956 1 1 661 0 1 203 1 0 832 0 0 140 0 0 694
 0 0 721 1 0 371 0 1 74 0 1 629 1 1 759 1 0 690 0 0 311 1 1 137 1 1 731 0 0 836
 1 1 825 0 1 140 1 1 415 1 0 784 0 0 164 1 1 375 1 1 95 1 1 508 0 0 767 0 0 818
 1 1 749 0 1 611 1 0 685 1 1 577 0 1 155 0 1 921 0 0 856 0 0 339 1 1 731 0 1
 106 1 1 874 0 1 822 1 0 262 0 1 188 0 1 268 0 0 100 1 1 335 1 0 656 0 1 398 0
 1 504 1 0 697 1 0 925 0 1 546 1 1 497 0 0 801 1 0 608 1 1 193 1 1 291 0 1 684
 1 0 897 0 0 920 0 0 554 0 1 456 1 1 579 1 1 351 1 1 610 1 1 371 0 0 188 0 0
 893 0 0 378 0 1 773 1 0 96 0 1 661 0 0 854 1 0 680 1 0 86 0 0 847 0 0 921 0 0
 481 1 0 111 0 0 152 1 0 676 0 0 755 1 0 344 0 1 638 1 1 806 0 1 943 1 0 896 1
 1 187 0 0 564 1 0 608 0 1 105 1 1 141 1 1 959 0 1 116 1 1 438 1 1 104 0 0 612
 1 1 822 1 0 863 1 0 290 1 1 22 0 0 202 1 1 37 1 1 679 1 0 468 0 1 986 1 0 561
 1 1 987 0 1 949 1 1 258 0 1 650 0 1 206 1 0 123 0 1 902 1 1 285 1 1 697 1 0
 683 1 1 17 1 0 846 1 1 866 0 1 293 0 1 430 1 1 40 1 0 737 0 0 796 0 1 733 0 1
 146 1 0 663 0 1 467 1 0 527 0 1 9 0 0 714 1 1 873 1 0 804 1 0 804 0 1 524 1 0
 946 1 1 728 0 0 272 0 1 283 0 0 40 1 1 356 0 1 526 0 1 950 0 0 818 0 0 66 1 1
 77 1 1 688 1 1 520 0 1 298 0 1 717 1 0 490 0 0 452 1 1 564 0 0 888 1 1 11 1 0
 289 0 0 455 1 0 885 1 0 900 1 0 666 1 0 566 0 1 648 1 0 394 1 1 433 1 0 362 0
 1 69 0 1 416 0 1 168 1 1 304 0 1 842 0 0 14 0 0 913 1 1 906 1 1 158 0 0 694 0
 1 79 0 0 383 1 0 467 1 1 271 1 1 238 1 0 162 0 0 475 0 1 43 0 1 383 0 1 606 1
 0 153 1 1 115 0 1 973 1 0 576 0 0 631 1 1 687 0 1 354 1 0 211 0 1 562 0 0 917
 0 0 761 0 1 895 0 1 286 1 0 330 0 0 229 1 1 77 0 1 208 1 1 504 1 1 22 0 0 653
 1 0 483 0 1 634 1 0 481 1 0 349 0 1 373 0 1 946 0 1 153 1 0 80 0 1 267 1 1 419
 1 0 830 1 1 978 0 1 124 1 0 390 0 1 908 1 1 533 0 1 625 0 1 514 0 1 399 1 0
 248 1 0 241 0 1 645 1 1 30 0 0 634 0 1 268 1 1 762 1 1 610 1 1 927 1 1 183 0 0
 337 1 1 426 0 0 949 1 0 481 1 0 96 0 0 228 0 0 334 0 1 339 0 0 537 0 1 542 1 1
 963 1 0 25 1 1 559 1 1 868 1 0 27 1 0 643 0 0 635 1 0 249 0 0 423 0 1 359 1 0
 204 1 0 847 0 0 11 1 1 354 1 1 991 0 1 705 0 0 99 1 0 247 0 1 566 0 1 112 0 1
 277 1 0 799 1 0 513 0 0 3 0 1 943 1 0 881 1 1 811 0 0 422 1 0 124 1 0 348 1 0
 344 1 1 770 1 0 925 0 1 796 0 1 76 0 0 907 0 1 169 0 0 949 0 0 598 1 1 371 1 1
 867 0 1 875 1 1 102 0 0 2 0 1 635 0 0 354 1 0 957 1 1 418 1 1 870 0 0 80 1 1
 232 0 0 20 1 1 660 0 0 252 1 1 694 1 0 113 1 1 404 0 1 729 0 0 804 1 1 245 1 1
 222 1 1 433 1 1 314 0 1 763 1 0 241 0 0 205 0 0 965 0 0 748 1 0 738 0 1 714 0
 1 858 1 1 92 1 0 920 0 0 281 1 1 560 1 1 520 0 0 869 1 1 28 0 1 893 1 1 563 1
 0 999 0 0 769 1 1 916 1 1 988 1 1 664 0 0 611 0 0 823 1 1 464 0 1 4 1 0 775 1
 1 86 0 1 819 0 1 34 0 0 620 0 0 457 1 1 655 0 1 286 1 1 546 0 1 818 1 0 236 0
 0 107 0 0 647 1 0 254 1 1 358 1 0 839 0 0 535 0 0 246 1 1 764 0 1 833 1 0 53 0
 0 610 1 1 971 0 0 252 0 0 600 0 0 853 0 1 820 0 0 917 1 0 723 0 0 312 1 0 981
 1 0 388 1 1 864 0 0 97 1 0 456 1 1 984 0 0 734 1 1 8 0 1 743 0 0 437 1 0 754 0
 0 296 0 1 608 1 1 975 0 1 102 0 1 914 0 0 459 1 0 149 1 0 960 1 1 41 1 1 371 1
 0 831 0 1 587 1 1 963 0 0 215 0 1 821 1 1 713 1 1 295 1 1 443 1 0 245 1 1 120
 1 1 166 0 0 272 0 1 816 1 1 338 1 0 712 0 1 122 1 0 837 1 1 746 1 0 976 0 0
 171 0 1 226 0 0 745 1 0 312 0 1 719 1 1 210 1 1 755 1 0 368 0 0 110 1 0 573 0
 0 338 1 1 233 0 0 623 0 1 233 1 1 569 1 1 384 0 1 816 1 1 869 0 1 93 1 0 777 1
 0 250 0 1 467 1 0 278 1 0 729 1 1 403 1 0 588 0 0 995 0 0 582 0 0 248 0 1 39 1
 1 785 0 1 836 0 0 387 1 1 214 1 1 701 1 1 670 1 1 314 0 1 487 1 0 437 1 0 310
 0 1 544 0 0 915 1 1 785 0 1 90 0 1 874 1 0 776 0 1 340 1 1 671 1 1 511 1 1 964
 0 0 514 1 0 795 0 0 120 0 1 301 1 1 123 0 1 826 0 1 465 0 1 396 1 0 698 0 0
 250 0 0 573 1 0 188 0 1 445 1 0 21 0 1 196 0 1 666 0 1 535 1 1 776 0 1 959 0 1
 723 1 0 818 1 1 809 0 0 850 1 0 698 0 0 517 1 0 138 0 0 411 1 1 963 1 1 796 0
 0 655 1 0 119 1 0 390 0 1 128 1 1 202 1 0 239 1 0 63 0 0 779 0 1 517 0 0 795 0
 1 857 1 0 678 1 1 507 0 0 320 1 1 94 0 1 950 0 0 190 0 1 989 0 1 419 0 0 634 1
 1 677 1 0 971 0 0 0 0 1 465 0 0 4 0 0 580 1 1 109 1 1 567 0 1 819 1 1 986 0 1
 939 0 1 994 1 1 143 0 1 565 1 1 71 0 1 725 0 1 498 0 0 217 1 1 931 1 1 616 1 1
 956 0 0 364 1 0 293 1 0 578 1 1 48 1 1 242 0 0 445 1 0 13 1 0 895 0 1 79 1 1
 712 1 0 519 1 1 801 1 0 161 1 1 514 1 0 387 1 1 612 1 0 65 1 1 948 1 1 158 1 1
 850 0 0 794 1 1 236 1 1 797 1 1 321 0 0 250 1 1 640 0 0 347 0 0 994 0 1 370 1
 0 10 0 1 779 1 0 547 0 1 539 1 0 170 1 0 380 1 1 577 0 0 879 0 1 364 0 0 894 0
 1 173 0 1 654 0 1 498 1 0 520 0 0 991 0 1 345 0 1 689 0 1 658 1 1 496 0 0 511
 0 0 11 1 1 157 1 1 975 0 1 512 1 1 819 0 0 719 0 1 856 0 0 961 1 0 426 1 1 879
 1 1 325 0 0 352 1 1 598 0 0 926 1 1 132 0 0 54 1 1 643 1 0 553 1 1 536 0 1 702
 0 0 587 1 1 404 1 1 505 1 1 628 1 1 433 0 1 929 1 0 748 0 0 668 0 0 488 0 0
 564 1 0 278 0 1 460 0 1 418 1 1 956 1 0 328 0 0 613 1 1 897 1 1 98 0 0 539 1 1
 49 0 1 178 1 1 401 1 0 289 0 0 102 1 1 304 1 1 635 1 1 530 0 0 132 0 0 501 1 1
 556 0 1 515 1 0 4 1 1 704 0 1 435 0 1 742 0 0 79 0 0 252 1 1 291 0 1 312 1 1
 507 0 1 549 1 0 966 0 1 507 0 1 849 0 0 370 1 1 494 1 0 648 0 1 759 0 1 873 1
 0 161 1 0 864 0 1 403 1 1 553 0 0 557 1 0 164 1 1 145 1 1 545 0 1 243 1 0 249
 0 0 349 0 0 249 0 1 737 1 1 601 1 1 150 1 1 874 1 1 5 0 0 508 0 0 903 0 0 9 0
 1 973 1 0 371 0 1 806 0 0 748 1 0 608 1 0 839 0 0 108 0 0 933 0 0 368 1 0 247
 0 0 806 1 0 666 0 0 897 1 0 969 0 1 923 1 1 278 0 1 554 1 0 70 1 1 704 0 0 920
 1 0 338 0 1 290 1 1 414 1 1 156 0 1 894 1 1 973 1 1 903 0 0 790 1 1 155 1 0
 218 1 0 855 1 1 702 0 0 857 1 1 786 1 1 305 1 0 648 0 1 40 1 0 686 1 1 443 0 1
 62 1 1 557 0 1 629 0 1 546 1 0 644 0 1 849 1 1 788 1 1 796 1 0 315 1 1 861 1 0
 497 1 1 652 0 1 588 0 1 98 1 1 516 1 0 336 0 0 256 0 1 54 0 1 589 1 0 584 0 1
 65 1 0 818 0 1 361 0 0 831 1 1 250 1 0 470 1 0 616 0 1 200 1 0 12 1 1 975 0 0
 188 0 1 827 0 0 178 1 1 412 0 1 626 0 1 148 0 0 608 0 0 46 1 1 644 1 1 820 1 1
 951 0 1 871 0 1 745 1 0 382 0 0 23 1 1 256 0 0 349 1 1 813 1 0 458 0 0 669 1 0
 24 1 0 289 1 0 933 1 0 707 0 1 764 1 0 804 1 1 572 1 0 464 0 1 169 0 1 749 0 1
 341 1 1 892 0 1 487 0 0 191 0 0 522 1 1 275 1 1 924 0 0 187 0 1 897 0 0 767 1
 0 621 1 1 244 1 1 963 1 0 521 0 0 802 0 1 738 0 1 319 0 1 192 1 0 151 1 1 620
 0 1 407 1 0 552 0 0 897 1 1 721 0 1 507 1 0 237 0 1 892 0 0 189 0 0 625 0 1
 520 0 1 405 1 0 848 0 0 760 1 1 633 0 1 161 1 1 710 1 1 270 0 0 586 1 0 721 0
 1 410 1 0 754 1 0 573 0 1 401 0 1 830 0 1 794 1 0 848 0 1 491 1 1 896 1 0 177
 1 1 7 0 1 656 1 0 238 0 1 389 1 1 627 0 1 766 0 1 469 0 1 655 1 0 364 1 0 151
 0 1 37 1 1 658 0 0 972 0 1 579 1 1 528 1 1 37 1 1 494 1 1 651 0 0 163 1 1 827
 0 0 280 1 0 870 1 0 405 0 0 281 0 0 69 0 1 343 0 0 866 0 1 896 1 1 603 1 0 230
 1 1 421 1 1 63 1 0 674 1 0 626 0 0 234 1 0 679 0 0 680 0 1 411 1 0 880 1 0 120
 0 0 768 1 1 950 1 1 871 0 1 530 0 0 697 1 0 215 0 1 290 0 1 726 0 1 291 1 0
 370 1 0 357 0 0 115 0 1 139 1 0 183 1 1 211 0 0 57 1 0 434 1 0 554 1 0 811 1 1
 302 1 0 726 0 1 159 0 1 696 0 0 524 0 1 603 0 0 828 0 0 157 1 1 441 1 1 435 0
 1 675 1 1 97 0 0 765 0 1 721 0 0 61 1 0 431 1 1 340 1 1 875 0 0 422 1 1 983 0
 0 355 1 1 336 0 0 652 1 1 46 1 0 914 1 1 333 0 1 843 0 0 876 1 1 283 1 1 50 1
 1 727)
States: 1000

State   Read    Write   Move    Next-State
1       0       0       1       661
1       1       0       0       807
2       0       0       0       186
2       1       1       1       540
3       0       0       1       903
3       1       1       1       256
4       0       0       1       894
4       1       1       0       89
5       0       0       1       711
5       1       0       1       681
6       0       0       0       933
6       1       1       1       308
7       0       1       0       158
7       1       0       1       785
8       0       0       1       234
8       1       1       0       755
9       0       1       0       113
9       1       0       1       101
10      0       1       1       912
10      1       0       0       586
11      0       1       0       449
11      1       1       1       120
12      0       1       1       643
12      1       0       1       834
13      0       1       0       115
13      1       0       0       482
14      0       0       0       229
14      1       0       1       759
15      0       1       1       942
15      1       1       1       914
16      0       1       1       675
16      1       1       1       891
17      0       0       0       951
17      1       0       0       229
18      0       0       0       327
18      1       0       1       966
19      0       1       0       108
19      1       0       1       344
20      0       0       0       862
20      1       1       0       395
21      0       1       0       676
21      1       0       0       107
22      0       0       0       224
22      1       0       0       789
23      0       1       0       837
23      1       0       0       147
24      0       1       0       345
24      1       0       0       792
25      0       1       0       168
25      1       0       1       378
26      0       1       1       214
26      1       0       1       887
27      0       1       0       14
27      1       1       1       29
28      0       0       0       968
28      1       1       0       543
29      0       0       1       516
29      1       1       1       780
30      0       1       1       931
30      1       0       1       566
31      0       1       1       199
31      1       1       1       85
32      0       0       0       541
32      1       1       1       268
33      0       1       0       260
33      1       1       0       743
34      0       1       1       661
34      1       0       0       91
35      0       0       0       10
35      1       1       0       483
36      0       1       0       454
36      1       0       1       878
37      0       1       1       396
37      1       1       0       326
38      0       1       0       30
38      1       0       0       876
39      0       0       1       329
39      1       0       0       652
40      0       0       1       150
40      1       1       0       293
41      0       1       1       0
41      1       0       0       452
42      0       1       1       425
42      1       0       1       744
43      0       0       0       983
43      1       0       1       248
44      0       0       1       343
44      1       0       0       771
45      0       1       1       348
45      1       1       0       135
46      0       0       0       797
46      1       0       1       386
47      0       0       0       429
47      1       0       0       132
48      0       1       1       752
48      1       1       1       251
49      0       0       1       388
49      1       1       1       226
50      0       0       1       779
50      1       0       1       234
51      0       1       1       372
51      1       0       1       920
52      0       1       1       295
52      1       0       1       386
53      0       0       1       14
53      1       0       0       386
54      0       1       1       342
54      1       1       1       2
55      0       1       1       629
55      1       0       0       718
56      0       1       0       316
56      1       1       0       331
57      0       1       1       746
57      1       1       1       271
58      0       0       0       665
58      1       1       0       357
59      0       1       0       285
59      1       0       1       615
60      0       1       1       958
60      1       1       0       282
61      0       1       1       143
61      1       1       0       472
62      0       1       1       705
62      1       1       0       690
63      0       1       1       622
63      1       1       0       498
64      0       1       1       610
64      1       1       1       473
65      0       1       1       485
65      1       0       0       94
66      0       1       1       267
66      1       1       1       198
67      0       1       1       374
67      1       0       0       726
68      0       1       1       120
68      1       0       0       115
69      0       0       0       125
69      1       0       1       672
70      0       1       0       227
70      1       0       1       126
71      0       1       0       635
71      1       0       1       649
72      0       1       0       309
72      1       1       0       563
73      0       1       1       194
73      1       0       0       801
74      0       0       1       298
74      1       0       0       36
75      0       0       1       690
75      1       0       1       977
76      0       0       1       460
76      1       1       0       186
77      0       0       0       172
77      1       0       1       932
78      0       0       1       771
78      1       0       1       909
79      0       1       1       726
79      1       0       0       273
80      0       0       0       643
80      1       1       1       459
81      0       1       1       734
81      1       0       1       0
82      0       1       1       67
82      1       0       0       348
83      0       0       1       383
83      1       0       0       592
84      0       1       0       290
84      1       1       1       778
85      0       1       1       683
85      1       0       0       710
86      0       1       1       237
86      1       0       0       14
87      0       1       1       587
87      1       0       0       778
88      0       1       1       991
88      1       1       0       291
89      0       1       1       880
89      1       0       1       162
90      0       0       0       887
90      1       1       1       521
91      0       1       1       608
91      1       1       1       972
92      0       1       1       228
92      1       0       1       269
93      0       1       0       792
93      1       0       0       548
94      0       0       0       726
94      1       0       0       228
95      0       1       0       242
95      1       0       1       672
96      0       0       1       747
96      1       1       1       130
97      0       1       0       73
97      1       0       0       324
98      0       1       1       181
98      1       1       1       804
99      0       0       0       147
99      1       1       1       757
100     0       0       1       912
100     1       1       1       458
101     0       1       0       994
101     1       0       0       291
102     0       1       1       977
102     1       1       1       965
103     0       1       1       715
103     1       0       0       606
104     0       0       0       358
104     1       1       1       503
105     0       0       1       555
105     1       1       0       561
106     0       1       1       643
106     1       0       1       483
107     0       0       1       115
107     1       0       0       265
108     0       0       0       394
108     1       1       1       509
109     0       0       1       487
109     1       1       1       818
110     0       0       1       792
110     1       1       0       487
111     0       0       1       296
111     1       0       1       715
112     0       0       0       189
112     1       1       1       939
113     0       1       0       766
113     1       0       1       99
114     0       0       1       324
114     1       1       0       701
115     0       1       0       417
115     1       0       1       634
116     0       1       1       899
116     1       0       0       675
117     0       1       0       319
117     1       1       1       383
118     0       1       1       756
118     1       0       1       951
119     0       1       0       781
119     1       0       0       213
120     0       0       0       857
120     1       0       1       293
121     0       1       1       935
121     1       1       1       741
122     0       1       1       700
122     1       1       1       173
123     0       0       0       492
123     1       0       0       814
124     0       0       0       135
124     1       0       1       396
125     0       1       0       632
125     1       0       1       69
126     0       0       0       305
126     1       1       0       879
127     0       1       0       283
127     1       0       0       448
128     0       0       0       366
128     1       0       0       350
129     0       1       0       767
129     1       0       0       728
130     0       1       0       376
130     1       0       0       447
131     0       1       0       913
131     1       0       1       653
132     0       1       1       290
132     1       0       1       500
133     0       1       0       5
133     1       1       1       1
134     0       0       0       339
134     1       1       0       8
135     0       0       1       20
135     1       1       1       188
136     0       1       1       13
136     1       0       1       415
137     0       1       1       643
137     1       1       1       770
138     0       0       0       594
138     1       1       1       485
139     0       1       0       681
139     1       1       0       748
140     0       1       1       515
140     1       0       0       642
141     0       1       1       260
141     1       1       1       396
142     0       1       0       388
142     1       0       1       938
143     0       1       0       181
143     1       1       1       317
144     0       0       1       211
144     1       1       1       258
145     0       0       1       331
145     1       0       1       759
146     0       1       0       545
146     1       0       1       55
147     0       1       1       277
147     1       1       1       539
148     0       1       0       351
148     1       1       1       211
149     0       1       0       952
149     1       1       1       296
150     0       0       1       301
150     1       0       1       609
151     0       1       1       937
151     1       1       0       731
152     0       0       0       551
152     1       0       1       241
153     0       0       1       655
153     1       1       0       431
154     0       0       1       898
154     1       1       0       129
155     0       0       1       664
155     1       0       0       612
156     0       1       1       540
156     1       1       0       427
157     0       1       0       407
157     1       0       1       551
158     0       1       0       70
158     1       1       1       753
159     0       0       0       964
159     1       0       1       846
160     0       0       0       329
160     1       1       1       495
161     0       0       1       695
161     1       0       1       891
162     0       0       0       272
162     1       0       0       360
163     0       1       1       321
163     1       1       1       186
164     0       1       1       559
164     1       0       1       868
165     0       0       1       424
165     1       1       0       526
166     0       0       0       367
166     1       1       1       507
167     0       0       0       663
167     1       1       1       155
168     0       1       0       738
168     1       0       0       894
169     0       1       0       37
169     1       1       0       797
170     0       1       0       392
170     1       1       0       970
171     0       0       1       466
171     1       1       0       685
172     0       1       1       182
172     1       1       0       716
173     0       0       1       552
173     1       0       1       40
174     0       0       1       546
174     1       1       1       467
175     0       0       1       692
175     1       0       0       729
176     0       0       0       444
176     1       1       1       65
177     0       1       1       932
177     1       0       0       553
178     0       0       1       668
178     1       0       0       183
179     0       1       0       560
179     1       1       1       979
180     0       1       1       536
180     1       1       0       798
181     0       0       0       236
181     1       0       1       458
182     0       0       1       601
182     1       0       1       380
183     0       1       0       587
183     1       1       1       23
184     0       0       1       723
184     1       1       0       326
185     0       0       0       839
185     1       1       1       804
186     0       0       1       176
186     1       1       0       210
187     0       0       1       595
187     1       0       0       754
188     0       0       0       445
188     1       0       1       911
189     0       0       1       251
189     1       1       0       826
190     0       0       0       632
190     1       1       1       213
191     0       0       1       58
191     1       1       1       983
192     0       1       1       57
192     1       0       0       730
193     0       1       0       380
193     1       0       1       362
194     0       1       0       750
194     1       1       0       910
195     0       0       1       559
195     1       0       1       475
196     0       0       1       709
196     1       1       0       96
197     0       0       1       599
197     1       1       1       882
198     0       1       0       377
198     1       1       1       660
199     0       0       1       773
199     1       1       0       727
200     0       0       1       184
200     1       1       1       859
201     0       0       1       106
201     1       0       1       452
202     0       0       1       509
202     1       1       0       196
203     0       1       0       863
203     1       0       1       427
204     0       1       1       642
204     1       0       0       68
205     0       0       1       949
205     1       1       1       350
206     0       1       1       583
206     1       1       1       916
207     0       1       1       535
207     1       0       0       485
208     0       1       1       302
208     1       0       0       865
209     0       1       0       67
209     1       1       0       356
210     0       0       0       574
210     1       0       0       657
211     0       0       1       196
211     1       0       0       89
212     0       0       1       539
212     1       1       1       347
213     0       1       0       167
213     1       1       1       267
214     0       1       1       739
214     1       1       0       872
215     0       1       0       445
215     1       0       0       738
216     0       1       0       758
216     1       0       0       50
217     0       0       1       518
217     1       1       0       730
218     0       1       0       463
218     1       0       0       576
219     0       1       1       54
219     1       1       1       569
220     0       0       1       512
220     1       0       0       595
221     0       1       0       671
221     1       0       1       450
222     0       0       1       652
222     1       0       1       128
223     0       1       0       454
223     1       1       0       802
224     0       0       0       544
224     1       0       1       384
225     0       1       0       702
225     1       1       1       558
226     0       0       0       629
226     1       1       0       806
227     0       1       0       885
227     1       1       0       979
228     0       1       1       529
228     1       1       0       960
229     0       0       1       174
229     1       0       1       732
230     0       0       0       932
230     1       0       1       654
231     0       0       0       980
231     1       0       1       527
232     0       0       1       73
232     1       0       1       16
233     0       1       0       66
233     1       0       0       504
234     0       0       1       6
234     1       0       1       451
235     0       0       1       855
235     1       1       1       697
236     0       0       0       480
236     1       0       0       707
237     0       1       1       651
237     1       1       1       530
238     0       0       1       486
238     1       1       1       910
239     0       0       0       264
239     1       0       1       25
240     0       0       0       652
240     1       1       0       112
241     0       1       1       662
241     1       1       1       352
242     0       0       0       382
242     1       1       1       22
243     0       0       0       875
243     1       1       1       753
244     0       0       0       649
244     1       1       1       888
245     0       1       0       24
245     1       1       1       408
246     0       0       1       876
246     1       0       0       930
247     0       1       1       641
247     1       1       1       723
248     0       1       1       320
248     1       1       1       259
249     0       0       1       456
249     1       1       0       66
250     0       0       0       313
250     1       0       0       673
251     0       0       0       880
251     1       1       0       395
252     0       0       1       778
252     1       0       1       305
253     0       1       1       473
253     1       1       0       57
254     0       0       0       63
254     1       1       1       530
255     0       1       1       328
255     1       0       0       107
256     0       1       1       599
256     1       0       1       838
257     0       1       1       459
257     1       1       0       808
258     0       0       0       236
258     1       1       1       412
259     0       1       1       240
259     1       1       1       207
260     0       0       0       887
260     1       0       0       262
261     0       1       1       964
261     1       0       1       971
262     0       1       0       963
262     1       1       1       282
263     0       0       1       986
263     1       0       1       470
264     0       0       0       164
264     1       0       0       458
265     0       1       1       776
265     1       0       1       578
266     0       1       1       337
266     1       0       1       423
267     0       1       0       475
267     1       0       1       648
268     0       0       1       213
268     1       0       0       458
269     0       1       1       207
269     1       1       0       486
270     0       0       1       380
270     1       0       1       178
271     0       1       0       443
271     1       1       0       770
272     0       0       1       127
272     1       1       1       532
273     0       0       0       448
273     1       1       0       890
274     0       1       1       259
274     1       1       1       91
275     0       0       1       498
275     1       1       0       479
276     0       0       0       777
276     1       0       0       889
277     0       0       1       901
277     1       1       1       423
278     0       1       1       521
278     1       1       1       359
279     0       1       1       98
279     1       0       0       318
280     0       0       0       581
280     1       0       0       840
281     0       0       1       229
281     1       1       0       783
282     0       0       1       156
282     1       0       0       853
283     0       1       0       39
283     1       1       0       720
284     0       0       0       165
284     1       0       0       746
285     0       0       0       429
285     1       1       0       284
286     0       0       0       970
286     1       1       0       221
287     0       0       0       680
287     1       1       0       937
288     0       0       1       7
288     1       1       1       435
289     0       0       1       295
289     1       1       0       344
290     0       1       1       827
290     1       0       0       492
291     0       1       0       969
291     1       0       1       35
292     0       1       1       465
292     1       1       1       951
293     0       0       1       875
293     1       1       1       14
294     0       1       1       810
294     1       0       0       875
295     0       1       1       743
295     1       1       0       313
296     0       1       0       376
296     1       1       1       760
297     0       0       0       383
297     1       1       1       263
298     0       1       1       800
298     1       1       0       650
299     0       0       1       928
299     1       1       0       305
300     0       1       1       792
300     1       0       1       499
301     0       1       1       839
301     1       0       1       447
302     0       0       1       971
302     1       1       0       411
303     0       0       1       461
303     1       1       1       528
304     0       1       1       804
304     1       1       0       908
305     0       1       1       538
305     1       1       0       969
306     0       1       1       914
306     1       0       1       31
307     0       0       1       187
307     1       1       1       375
308     0       1       0       647
308     1       0       0       406
309     0       0       1       140
309     1       0       1       924
310     0       1       0       403
310     1       0       1       783
311     0       1       0       547
311     1       0       1       627
312     0       0       0       792
312     1       1       1       788
313     0       1       0       387
313     1       1       0       21
314     0       0       1       16
314     1       1       0       621
315     0       1       1       484
315     1       0       0       371
316     0       0       1       718
316     1       0       0       488
317     0       1       1       381
317     1       0       1       863
318     0       0       1       57
318     1       0       0       313
319     0       0       0       677
319     1       1       1       491
320     0       1       1       499
320     1       1       1       329
321     0       0       1       97
321     1       0       1       460
322     0       1       0       727
322     1       0       0       222
323     0       1       1       603
323     1       0       0       388
324     0       1       1       122
324     1       1       0       971
325     0       0       0       371
325     1       1       0       862
326     0       1       0       484
326     1       1       0       832
327     0       1       0       228
327     1       0       1       379
328     0       1       0       474
328     1       1       1       686
329     0       1       0       274
329     1       0       1       51
330     0       0       1       491
330     1       0       1       182
331     0       1       1       911
331     1       0       1       871
332     0       0       0       706
332     1       0       0       905
333     0       1       1       417
333     1       1       1       954
334     0       0       0       769
334     1       0       1       859
335     0       0       0       612
335     1       1       0       757
336     0       1       1       945
336     1       1       1       811
337     0       1       0       91
337     1       0       0       939
338     0       0       1       59
338     1       0       1       758
339     0       0       1       769
339     1       1       0       328
340     0       1       1       599
340     1       0       1       334
341     0       1       0       959
341     1       0       0       710
342     0       1       1       939
342     1       0       1       592
343     0       1       0       157
343     1       0       1       140
344     0       0       0       42
344     1       0       0       835
345     0       0       1       525
345     1       0       1       346
346     0       1       0       602
346     1       0       0       706
347     0       1       1       31
347     1       0       1       236
348     0       1       1       76
348     1       1       1       315
349     0       0       0       217
349     1       1       0       2
350     0       0       1       620
350     1       1       0       558
351     0       1       0       571
351     1       0       1       142
352     0       0       1       236
352     1       0       1       642
353     0       1       0       247
353     1       0       1       980
354     0       1       1       91
354     1       1       0       56
355     0       1       1       174
355     1       0       1       925
356     0       1       0       654
356     1       0       1       220
357     0       1       1       582
357     1       0       1       592
358     0       0       1       327
358     1       0       1       533
359     0       1       0       496
359     1       1       0       796
360     0       0       1       701
360     1       1       1       38
361     0       0       0       180
361     1       0       1       620
362     0       1       1       986
362     1       1       1       346
363     0       1       1       158
363     1       1       1       854
364     0       0       0       736
364     1       1       1       979
365     0       0       0       221
365     1       1       0       56
366     0       1       0       458
366     1       0       0       12
367     0       0       0       665
367     1       0       1       344
368     0       0       0       436
368     1       0       1       238
369     0       1       1       180
369     1       1       0       279
370     0       1       1       882
370     1       1       1       700
371     0       1       0       739
371     1       1       0       289
372     0       0       0       658
372     1       1       0       85
373     0       0       0       628
373     1       0       1       869
374     0       1       0       256
374     1       1       0       292
375     0       0       0       312
375     1       1       1       177
376     0       1       1       949
376     1       0       1       360
377     0       0       0       134
377     1       1       0       185
378     0       0       1       615
378     1       0       1       530
379     0       0       1       188
379     1       1       0       730
380     0       1       0       360
380     1       0       0       506
381     0       0       1       276
381     1       1       0       676
382     0       1       1       847
382     1       0       0       147
383     0       1       0       276
383     1       1       0       889
384     0       1       0       188
384     1       1       1       521
385     0       1       0       868
385     1       0       1       399
386     0       0       1       788
386     1       0       0       214
387     0       0       1       866
387     1       0       0       221
388     0       1       0       206
388     1       0       0       477
389     0       1       0       167
389     1       1       0       165
390     0       1       0       288
390     1       1       1       597
391     0       0       0       180
391     1       1       1       776
392     0       0       1       305
392     1       0       0       636
393     0       1       1       439
393     1       1       0       177
394     0       0       1       59
394     1       1       1       695
395     0       0       1       788
395     1       0       0       391
396     0       0       1       309
396     1       1       1       997
397     0       0       1       294
397     1       1       0       325
398     0       1       1       614
398     1       0       0       714
399     0       0       1       983
399     1       1       0       137
400     0       1       0       877
400     1       0       1       534
401     0       1       0       524
401     1       0       0       480
402     0       1       1       539
402     1       0       1       837
403     0       0       1       538
403     1       0       0       47
404     0       0       0       996
404     1       1       1       98
405     0       0       1       353
405     1       1       1       137
406     0       0       0       607
406     1       0       1       551
407     0       1       1       289
407     1       0       1       556
408     0       1       0       191
408     1       1       0       184
409     0       1       1       964
409     1       1       1       362
410     0       1       1       555
410     1       1       1       46
411     0       1       1       432
411     1       0       0       73
412     0       0       0       3
412     1       1       1       649
413     0       1       1       994
413     1       1       0       561
414     0       1       0       70
414     1       0       0       951
415     0       0       1       185
415     1       1       0       632
416     0       1       1       769
416     1       0       1       626
417     0       1       0       274
417     1       0       0       971
418     0       1       1       5
418     1       0       1       934
419     0       0       1       41
419     1       1       1       788
420     0       0       1       684
420     1       1       1       972
421     0       0       0       351
421     1       1       1       240
422     0       0       1       439
422     1       0       0       621
423     0       0       1       508
423     1       0       1       917
424     0       1       0       479
424     1       1       0       497
425     0       0       0       766
425     1       1       1       109
426     0       0       1       265
426     1       0       1       535
427     0       0       0       880
427     1       0       0       959
428     0       1       0       379
428     1       1       1       233
429     0       1       0       570
429     1       0       0       630
430     0       0       0       932
430     1       1       1       845
431     0       0       1       81
431     1       1       0       825
432     0       0       0       950
432     1       1       1       270
433     0       0       0       287
433     1       0       0       610
434     0       0       0       186
434     1       0       1       922
435     0       0       0       435
435     1       1       0       139
436     0       0       0       592
436     1       1       0       9
437     0       1       0       849
437     1       1       1       291
438     0       0       0       437
438     1       1       0       816
439     0       1       1       618
439     1       0       0       602
440     0       1       1       352
440     1       0       1       685
441     0       0       0       836
441     1       1       0       707
442     0       0       0       297
442     1       0       1       613
443     0       1       1       894
443     1       0       1       914
444     0       0       1       126
444     1       0       0       82
445     0       1       0       397
445     1       1       0       164
446     0       1       1       822
446     1       1       1       719
447     0       1       0       52
447     1       0       1       14
448     0       1       1       955
448     1       0       0       981
449     0       0       1       543
449     1       1       1       261
450     0       1       1       206
450     1       1       1       727
451     0       1       0       394
451     1       1       1       648
452     0       1       1       539
452     1       0       0       948
453     0       0       1       731
453     1       1       1       315
454     0       1       0       374
454     1       0       1       899
455     0       1       0       977
455     1       1       1       980
456     0       1       0       992
456     1       0       0       511
457     0       0       1       986
457     1       0       0       952
458     0       1       0       289
458     1       0       1       316
459     0       1       1       745
459     1       1       1       33
460     0       1       0       6
460     1       0       0       262
461     0       1       0       714
461     1       0       0       663
462     0       1       1       697
462     1       0       0       738
463     0       0       1       941
463     1       1       1       167
464     0       1       1       940
464     1       0       1       560
465     0       1       1       127
465     1       0       1       695
466     0       1       0       995
466     1       1       0       190
467     0       0       1       530
467     1       1       0       812
468     0       1       0       662
468     1       1       1       343
469     0       1       0       794
469     1       0       0       136
470     0       0       0       582
470     1       0       0       99
471     0       0       1       705
471     1       1       1       877
472     0       0       1       546
472     1       0       0       780
473     0       1       1       219
473     1       1       1       752
474     0       1       1       768
474     1       1       1       638
475     0       0       1       451
475     1       1       0       91
476     0       1       0       182
476     1       0       1       234
477     0       0       0       392
477     1       1       1       335
478     0       0       1       129
478     1       0       1       597
479     0       1       0       694
479     1       0       1       37
480     0       1       1       644
480     1       1       1       131
481     0       1       1       100
481     1       0       0       127
482     0       1       0       495
482     1       0       0       412
483     0       0       1       391
483     1       1       1       293
484     0       0       1       848
484     1       0       1       526
485     0       0       1       369
485     1       1       0       589
486     0       0       0       658
486     1       0       0       4
487     0       1       0       88
487     1       0       1       241
488     0       1       0       744
488     1       0       1       340
489     0       0       1       602
489     1       0       1       453
490     0       1       1       614
490     1       0       1       699
491     0       0       1       941
491     1       1       0       507
492     0       1       1       588
492     1       0       0       279
493     0       1       0       663
493     1       0       0       520
494     0       1       0       695
494     1       0       0       708
495     0       1       1       417
495     1       1       1       478
496     0       0       0       518
496     1       1       0       619
497     0       1       0       536
497     1       0       1       524
498     0       1       1       56
498     1       1       0       490
499     0       1       0       295
499     1       0       0       68
500     0       0       1       296
500     1       0       0       483
501     0       0       1       76
501     1       1       0       68
502     0       1       1       474
502     1       0       0       792
503     0       1       1       118
503     1       0       1       395
504     0       0       0       659
504     1       0       1       542
505     0       0       1       897
505     1       0       0       543
506     0       1       1       404
506     1       1       0       874
507     0       0       0       610
507     1       0       1       615
508     0       0       0       629
508     1       0       0       315
509     0       1       1       149
509     1       1       1       552
510     0       0       1       120
510     1       1       1       349
511     0       0       1       240
511     1       0       1       794
512     0       1       1       27
512     1       0       1       744
513     0       1       1       680
513     1       0       1       69
514     0       0       1       900
514     1       0       0       407
515     0       1       1       99
515     1       1       1       144
516     0       1       1       821
516     1       0       0       798
517     0       1       0       138
517     1       1       0       75
518     0       1       1       859
518     1       1       1       458
519     0       0       0       308
519     1       1       0       135
520     0       1       0       3
520     1       0       1       203
521     0       1       1       607
521     1       1       0       442
522     0       1       1       698
522     1       1       0       706
523     0       1       1       987
523     1       1       0       412
524     0       1       1       394
524     1       1       0       967
525     0       1       1       560
525     1       1       1       353
526     0       1       1       628
526     1       0       0       852
527     0       1       1       283
527     1       1       1       356
528     0       1       1       14
528     1       0       0       437
529     0       1       1       321
529     1       0       0       123
530     0       0       0       229
530     1       0       1       746
531     0       1       0       545
531     1       0       1       970
532     0       1       0       603
532     1       0       1       196
533     0       1       0       114
533     1       1       0       957
534     0       1       1       622
534     1       0       0       501
535     0       0       1       783
535     1       0       0       726
536     0       0       1       516
536     1       0       1       407
537     0       0       1       98
537     1       1       0       491
538     0       0       0       552
538     1       0       1       168
539     0       0       1       380
539     1       0       1       212
540     0       1       1       744
540     1       0       0       362
541     0       0       0       301
541     1       1       1       236
542     0       1       1       587
542     1       0       1       96
543     0       1       1       484
543     1       0       0       13
544     0       0       1       522
544     1       0       0       901
545     0       1       0       989
545     1       1       1       21
546     0       1       1       144
546     1       0       0       160
547     0       1       1       783
547     1       0       0       623
548     0       1       1       956
548     1       0       0       523
549     0       1       1       229
549     1       1       0       884
550     0       1       1       41
550     1       0       1       91
551     0       0       0       682
551     1       1       1       913
552     0       1       1       588
552     1       1       1       956
553     0       1       1       661
553     1       0       1       203
554     0       1       0       832
554     1       0       0       140
555     0       0       0       694
555     1       0       0       721
556     0       1       0       371
556     1       0       1       74
557     0       0       1       629
557     1       1       1       759
558     0       1       0       690
558     1       0       0       311
559     0       1       1       137
559     1       1       1       731
560     0       0       0       836
560     1       1       1       825
561     0       0       1       140
561     1       1       1       415
562     0       1       0       784
562     1       0       0       164
563     0       1       1       375
563     1       1       1       95
564     0       1       1       508
564     1       0       0       767
565     0       0       0       818
565     1       1       1       749
566     0       0       1       611
566     1       1       0       685
567     0       1       1       577
567     1       0       1       155
568     0       0       1       921
568     1       0       0       856
569     0       0       0       339
569     1       1       1       731
570     0       0       1       106
570     1       1       1       874
571     0       0       1       822
571     1       1       0       262
572     0       0       1       188
572     1       0       1       268
573     0       0       0       100
573     1       1       1       335
574     0       1       0       656
574     1       0       1       398
575     0       0       1       504
575     1       1       0       697
576     0       1       0       925
576     1       0       1       546
577     0       1       1       497
577     1       0       0       801
578     0       1       0       608
578     1       1       1       193
579     0       1       1       291
579     1       0       1       684
580     0       1       0       897
580     1       0       0       920
581     0       0       0       554
581     1       0       1       456
582     0       1       1       579
582     1       1       1       351
583     0       1       1       610
583     1       1       1       371
584     0       0       0       188
584     1       0       0       893
585     0       0       0       378
585     1       0       1       773
586     0       1       0       96
586     1       0       1       661
587     0       0       0       854
587     1       1       0       680
588     0       1       0       86
588     1       0       0       847
589     0       0       0       921
589     1       0       0       481
590     0       1       0       111
590     1       0       0       152
591     0       1       0       676
591     1       0       0       755
592     0       1       0       344
592     1       0       1       638
593     0       1       1       806
593     1       0       1       943
594     0       1       0       896
594     1       1       1       187
595     0       0       0       564
595     1       1       0       608
596     0       0       1       105
596     1       1       1       141
597     0       1       1       959
597     1       0       1       116
598     0       1       1       438
598     1       1       1       104
599     0       0       0       612
599     1       1       1       822
600     0       1       0       863
600     1       1       0       290
601     0       1       1       22
601     1       0       0       202
602     0       1       1       37
602     1       1       1       679
603     0       1       0       468
603     1       0       1       986
604     0       1       0       561
604     1       1       1       987
605     0       0       1       949
605     1       1       1       258
606     0       0       1       650
606     1       0       1       206
607     0       1       0       123
607     1       0       1       902
608     0       1       1       285
608     1       1       1       697
609     0       1       0       683
609     1       1       1       17
610     0       1       0       846
610     1       1       1       866
611     0       0       1       293
611     1       0       1       430
612     0       1       1       40
612     1       1       0       737
613     0       0       0       796
613     1       0       1       733
614     0       0       1       146
614     1       1       0       663
615     0       0       1       467
615     1       1       0       527
616     0       0       1       9
616     1       0       0       714
617     0       1       1       873
617     1       1       0       804
618     0       1       0       804
618     1       0       1       524
619     0       1       0       946
619     1       1       1       728
620     0       0       0       272
620     1       0       1       283
621     0       0       0       40
621     1       1       1       356
622     0       0       1       526
622     1       0       1       950
623     0       0       0       818
623     1       0       0       66
624     0       1       1       77
624     1       1       1       688
625     0       1       1       520
625     1       0       1       298
626     0       0       1       717
626     1       1       0       490
627     0       0       0       452
627     1       1       1       564
628     0       0       0       888
628     1       1       1       11
629     0       1       0       289
629     1       0       0       455
630     0       1       0       885
630     1       1       0       900
631     0       1       0       666
631     1       1       0       566
632     0       0       1       648
632     1       1       0       394
633     0       1       1       433
633     1       1       0       362
634     0       0       1       69
634     1       0       1       416
635     0       0       1       168
635     1       1       1       304
636     0       0       1       842
636     1       0       0       14
637     0       0       0       913
637     1       1       1       906
638     0       1       1       158
638     1       0       0       694
639     0       0       1       79
639     1       0       0       383
640     0       1       0       467
640     1       1       1       271
641     0       1       1       238
641     1       1       0       162
642     0       0       0       475
642     1       0       1       43
643     0       0       1       383
643     1       0       1       606
644     0       1       0       153
644     1       1       1       115
645     0       0       1       973
645     1       1       0       576
646     0       0       0       631
646     1       1       1       687
647     0       0       1       354
647     1       1       0       211
648     0       0       1       562
648     1       0       0       917
649     0       0       0       761
649     1       0       1       895
650     0       0       1       286
650     1       1       0       330
651     0       0       0       229
651     1       1       1       77
652     0       0       1       208
652     1       1       1       504
653     0       1       1       22
653     1       0       0       653
654     0       1       0       483
654     1       0       1       634
655     0       1       0       481
655     1       1       0       349
656     0       0       1       373
656     1       0       1       946
657     0       0       1       153
657     1       1       0       80
658     0       0       1       267
658     1       1       1       419
659     0       1       0       830
659     1       1       1       978
660     0       0       1       124
660     1       1       0       390
661     0       0       1       908
661     1       1       1       533
662     0       0       1       625
662     1       0       1       514
663     0       0       1       399
663     1       1       0       248
664     0       1       0       241
664     1       0       1       645
665     0       1       1       30
665     1       0       0       634
666     0       0       1       268
666     1       1       1       762
667     0       1       1       610
667     1       1       1       927
668     0       1       1       183
668     1       0       0       337
669     0       1       1       426
669     1       0       0       949
670     0       1       0       481
670     1       1       0       96
671     0       0       0       228
671     1       0       0       334
672     0       0       1       339
672     1       0       0       537
673     0       0       1       542
673     1       1       1       963
674     0       1       0       25
674     1       1       1       559
675     0       1       1       868
675     1       1       0       27
676     0       1       0       643
676     1       0       0       635
677     0       1       0       249
677     1       0       0       423
678     0       0       1       359
678     1       1       0       204
679     0       1       0       847
679     1       0       0       11
680     0       1       1       354
680     1       1       1       991
681     0       0       1       705
681     1       0       0       99
682     0       1       0       247
682     1       0       1       566
683     0       0       1       112
683     1       0       1       277
684     0       1       0       799
684     1       1       0       513
685     0       0       0       3
685     1       0       1       943
686     0       1       0       881
686     1       1       1       811
687     0       0       0       422
687     1       1       0       124
688     0       1       0       348
688     1       1       0       344
689     0       1       1       770
689     1       1       0       925
690     0       0       1       796
690     1       0       1       76
691     0       0       0       907
691     1       0       1       169
692     0       0       0       949
692     1       0       0       598
693     0       1       1       371
693     1       1       1       867
694     0       0       1       875
694     1       1       1       102
695     0       0       0       2
695     1       0       1       635
696     0       0       0       354
696     1       1       0       957
697     0       1       1       418
697     1       1       1       870
698     0       0       0       80
698     1       1       1       232
699     0       0       0       20
699     1       1       1       660
700     0       0       0       252
700     1       1       1       694
701     0       1       0       113
701     1       1       1       404
702     0       0       1       729
702     1       0       0       804
703     0       1       1       245
703     1       1       1       222
704     0       1       1       433
704     1       1       1       314
705     0       0       1       763
705     1       1       0       241
706     0       0       0       205
706     1       0       0       965
707     0       0       0       748
707     1       1       0       738
708     0       0       1       714
708     1       0       1       858
709     0       1       1       92
709     1       1       0       920
710     0       0       0       281
710     1       1       1       560
711     0       1       1       520
711     1       0       0       869
712     0       1       1       28
712     1       0       1       893
713     0       1       1       563
713     1       1       0       999
714     0       0       0       769
714     1       1       1       916
715     0       1       1       988
715     1       1       1       664
716     0       0       0       611
716     1       0       0       823
717     0       1       1       464
717     1       0       1       4
718     0       1       0       775
718     1       1       1       86
719     0       0       1       819
719     1       0       1       34
720     0       0       0       620
720     1       0       0       457
721     0       1       1       655
721     1       0       1       286
722     0       1       1       546
722     1       0       1       818
723     0       1       0       236
723     1       0       0       107
724     0       0       0       647
724     1       1       0       254
725     0       1       1       358
725     1       1       0       839
726     0       0       0       535
726     1       0       0       246
727     0       1       1       764
727     1       0       1       833
728     0       1       0       53
728     1       0       0       610
729     0       1       1       971
729     1       0       0       252
730     0       0       0       600
730     1       0       0       853
731     0       0       1       820
731     1       0       0       917
732     0       1       0       723
732     1       0       0       312
733     0       1       0       981
733     1       1       0       388
734     0       1       1       864
734     1       0       0       97
735     0       1       0       456
735     1       1       1       984
736     0       0       0       734
736     1       1       1       8
737     0       0       1       743
737     1       0       0       437
738     0       1       0       754
738     1       0       0       296
739     0       0       1       608
739     1       1       1       975
740     0       0       1       102
740     1       0       1       914
741     0       0       0       459
741     1       1       0       149
742     0       1       0       960
742     1       1       1       41
743     0       1       1       371
743     1       1       0       831
744     0       0       1       587
744     1       1       1       963
745     0       0       0       215
745     1       0       1       821
746     0       1       1       713
746     1       1       1       295
747     0       1       1       443
747     1       1       0       245
748     0       1       1       120
748     1       1       1       166
749     0       0       0       272
749     1       0       1       816
750     0       1       1       338
750     1       1       0       712
751     0       0       1       122
751     1       1       0       837
752     0       1       1       746
752     1       1       0       976
753     0       0       0       171
753     1       0       1       226
754     0       0       0       745
754     1       1       0       312
755     0       0       1       719
755     1       1       1       210
756     0       1       1       755
756     1       1       0       368
757     0       0       0       110
757     1       1       0       573
758     0       0       0       338
758     1       1       1       233
759     0       0       0       623
759     1       0       1       233
760     0       1       1       569
760     1       1       1       384
761     0       0       1       816
761     1       1       1       869
762     0       0       1       93
762     1       1       0       777
763     0       1       0       250
763     1       0       1       467
764     0       1       0       278
764     1       1       0       729
765     0       1       1       403
765     1       1       0       588
766     0       0       0       995
766     1       0       0       582
767     0       0       0       248
767     1       0       1       39
768     0       1       1       785
768     1       0       1       836
769     0       0       0       387
769     1       1       1       214
770     0       1       1       701
770     1       1       1       670
771     0       1       1       314
771     1       0       1       487
772     0       1       0       437
772     1       1       0       310
773     0       0       1       544
773     1       0       0       915
774     0       1       1       785
774     1       0       1       90
775     0       0       1       874
775     1       1       0       776
776     0       0       1       340
776     1       1       1       671
777     0       1       1       511
777     1       1       1       964
778     0       0       0       514
778     1       1       0       795
779     0       0       0       120
779     1       0       1       301
780     0       1       1       123
780     1       0       1       826
781     0       0       1       465
781     1       0       1       396
782     0       1       0       698
782     1       0       0       250
783     0       0       0       573
783     1       1       0       188
784     0       0       1       445
784     1       1       0       21
785     0       0       1       196
785     1       0       1       666
786     0       0       1       535
786     1       1       1       776
787     0       0       1       959
787     1       0       1       723
788     0       1       0       818
788     1       1       1       809
789     0       0       0       850
789     1       1       0       698
790     0       0       0       517
790     1       1       0       138
791     0       0       0       411
791     1       1       1       963
792     0       1       1       796
792     1       0       0       655
793     0       1       0       119
793     1       1       0       390
794     0       0       1       128
794     1       1       1       202
795     0       1       0       239
795     1       1       0       63
796     0       0       0       779
796     1       0       1       517
797     0       0       0       795
797     1       0       1       857
798     0       1       0       678
798     1       1       1       507
799     0       0       0       320
799     1       1       1       94
800     0       0       1       950
800     1       0       0       190
801     0       0       1       989
801     1       0       1       419
802     0       0       0       634
802     1       1       1       677
803     0       1       0       971
803     1       0       0       0
804     0       0       1       465
804     1       0       0       4
805     0       0       0       580
805     1       1       1       109
806     0       1       1       567
806     1       0       1       819
807     0       1       1       986
807     1       0       1       939
808     0       0       1       994
808     1       1       1       143
809     0       0       1       565
809     1       1       1       71
810     0       0       1       725
810     1       0       1       498
811     0       0       0       217
811     1       1       1       931
812     0       1       1       616
812     1       1       1       956
813     0       0       0       364
813     1       1       0       293
814     0       1       0       578
814     1       1       1       48
815     0       1       1       242
815     1       0       0       445
816     0       1       0       13
816     1       1       0       895
817     0       0       1       79
817     1       1       1       712
818     0       1       0       519
818     1       1       1       801
819     0       1       0       161
819     1       1       1       514
820     0       1       0       387
820     1       1       1       612
821     0       1       0       65
821     1       1       1       948
822     0       1       1       158
822     1       1       1       850
823     0       0       0       794
823     1       1       1       236
824     0       1       1       797
824     1       1       1       321
825     0       0       0       250
825     1       1       1       640
826     0       0       0       347
826     1       0       0       994
827     0       0       1       370
827     1       1       0       10
828     0       0       1       779
828     1       1       0       547
829     0       0       1       539
829     1       1       0       170
830     0       1       0       380
830     1       1       1       577
831     0       0       0       879
831     1       0       1       364
832     0       0       0       894
832     1       0       1       173
833     0       0       1       654
833     1       0       1       498
834     0       1       0       520
834     1       0       0       991
835     0       0       1       345
835     1       0       1       689
836     0       0       1       658
836     1       1       1       496
837     0       0       0       511
837     1       0       0       11
838     0       1       1       157
838     1       1       1       975
839     0       0       1       512
839     1       1       1       819
840     0       0       0       719
840     1       0       1       856
841     0       0       0       961
841     1       1       0       426
842     0       1       1       879
842     1       1       1       325
843     0       0       0       352
843     1       1       1       598
844     0       0       0       926
844     1       1       1       132
845     0       0       0       54
845     1       1       1       643
846     0       1       0       553
846     1       1       1       536
847     0       0       1       702
847     1       0       0       587
848     0       1       1       404
848     1       1       1       505
849     0       1       1       628
849     1       1       1       433
850     0       0       1       929
850     1       1       0       748
851     0       0       0       668
851     1       0       0       488
852     0       0       0       564
852     1       1       0       278
853     0       0       1       460
853     1       0       1       418
854     0       1       1       956
854     1       1       0       328
855     0       0       0       613
855     1       1       1       897
856     0       1       1       98
856     1       0       0       539
857     0       1       1       49
857     1       0       1       178
858     0       1       1       401
858     1       1       0       289
859     0       0       0       102
859     1       1       1       304
860     0       1       1       635
860     1       1       1       530
861     0       0       0       132
861     1       0       0       501
862     0       1       1       556
862     1       0       1       515
863     0       1       0       4
863     1       1       1       704
864     0       0       1       435
864     1       0       1       742
865     0       0       0       79
865     1       0       0       252
866     0       1       1       291
866     1       0       1       312
867     0       1       1       507
867     1       0       1       549
868     0       1       0       966
868     1       0       1       507
869     0       0       1       849
869     1       0       0       370
870     0       1       1       494
870     1       1       0       648
871     0       0       1       759
871     1       0       1       873
872     0       1       0       161
872     1       1       0       864
873     0       0       1       403
873     1       1       1       553
874     0       0       0       557
874     1       1       0       164
875     0       1       1       145
875     1       1       1       545
876     0       0       1       243
876     1       1       0       249
877     0       0       0       349
877     1       0       0       249
878     0       0       1       737
878     1       1       1       601
879     0       1       1       150
879     1       1       1       874
880     0       1       1       5
880     1       0       0       508
881     0       0       0       903
881     1       0       0       9
882     0       0       1       973
882     1       1       0       371
883     0       0       1       806
883     1       0       0       748
884     0       1       0       608
884     1       1       0       839
885     0       0       0       108
885     1       0       0       933
886     0       0       0       368
886     1       1       0       247
887     0       0       0       806
887     1       1       0       666
888     0       0       0       897
888     1       1       0       969
889     0       0       1       923
889     1       1       1       278
890     0       0       1       554
890     1       1       0       70
891     0       1       1       704
891     1       0       0       920
892     0       1       0       338
892     1       0       1       290
893     0       1       1       414
893     1       1       1       156
894     0       0       1       894
894     1       1       1       973
895     0       1       1       903
895     1       0       0       790
896     0       1       1       155
896     1       1       0       218
897     0       1       0       855
897     1       1       1       702
898     0       0       0       857
898     1       1       1       786
899     0       1       1       305
899     1       1       0       648
900     0       0       1       40
900     1       1       0       686
901     0       1       1       443
901     1       0       1       62
902     0       1       1       557
902     1       0       1       629
903     0       0       1       546
903     1       1       0       644
904     0       0       1       849
904     1       1       1       788
905     0       1       1       796
905     1       1       0       315
906     0       1       1       861
906     1       1       0       497
907     0       1       1       652
907     1       0       1       588
908     0       0       1       98
908     1       1       1       516
909     0       1       0       336
909     1       0       0       256
910     0       0       1       54
910     1       0       1       589
911     0       1       0       584
911     1       0       1       65
912     0       1       0       818
912     1       0       1       361
913     0       0       0       831
913     1       1       1       250
914     0       1       0       470
914     1       1       0       616
915     0       0       1       200
915     1       1       0       12
916     0       1       1       975
916     1       0       0       188
917     0       0       1       827
917     1       0       0       178
918     0       1       1       412
918     1       0       1       626
919     0       0       1       148
919     1       0       0       608
920     0       0       0       46
920     1       1       1       644
921     0       1       1       820
921     1       1       1       951
922     0       0       1       871
922     1       0       1       745
923     0       1       0       382
923     1       0       0       23
924     0       1       1       256
924     1       0       0       349
925     0       1       1       813
925     1       1       0       458
926     0       0       0       669
926     1       1       0       24
927     0       1       0       289
927     1       1       0       933
928     0       1       0       707
928     1       0       1       764
929     0       1       0       804
929     1       1       1       572
930     0       1       0       464
930     1       0       1       169
931     0       0       1       749
931     1       0       1       341
932     0       1       1       892
932     1       0       1       487
933     0       0       0       191
933     1       0       0       522
934     0       1       1       275
934     1       1       1       924
935     0       0       0       187
935     1       0       1       897
936     0       0       0       767
936     1       1       0       621
937     0       1       1       244
937     1       1       1       963
938     0       1       0       521
938     1       0       0       802
939     0       0       1       738
939     1       0       1       319
940     0       0       1       192
940     1       1       0       151
941     0       1       1       620
941     1       0       1       407
942     0       1       0       552
942     1       0       0       897
943     0       1       1       721
943     1       0       1       507
944     0       1       0       237
944     1       0       1       892
945     0       0       0       189
945     1       0       0       625
946     0       0       1       520
946     1       0       1       405
947     0       1       0       848
947     1       0       0       760
948     0       1       1       633
948     1       0       1       161
949     0       1       1       710
949     1       1       1       270
950     0       0       0       586
950     1       1       0       721
951     0       0       1       410
951     1       1       0       754
952     0       1       0       573
952     1       0       1       401
953     0       0       1       830
953     1       0       1       794
954     0       1       0       848
954     1       0       1       491
955     0       1       1       896
955     1       1       0       177
956     0       1       1       7
956     1       0       1       656
957     0       1       0       238
957     1       0       1       389
958     0       1       1       627
958     1       0       1       766
959     0       0       1       469
959     1       0       1       655
960     0       1       0       364
960     1       1       0       151
961     0       0       1       37
961     1       1       1       658
962     0       0       0       972
962     1       0       1       579
963     0       1       1       528
963     1       1       1       37
964     0       1       1       494
964     1       1       1       651
965     0       0       0       163
965     1       1       1       827
966     0       0       0       280
966     1       1       0       870
967     0       1       0       405
967     1       0       0       281
968     0       0       0       69
968     1       0       1       343
969     0       0       0       866
969     1       0       1       896
970     0       1       1       603
970     1       1       0       230
971     0       1       1       421
971     1       1       1       63
972     0       1       0       674
972     1       1       0       626
973     0       0       0       234
973     1       1       0       679
974     0       0       0       680
974     1       0       1       411
975     0       1       0       880
975     1       1       0       120
976     0       0       0       768
976     1       1       1       950
977     0       1       1       871
977     1       0       1       530
978     0       0       0       697
978     1       1       0       215
979     0       0       1       290
979     1       0       1       726
980     0       0       1       291
980     1       1       0       370
981     0       1       0       357
981     1       0       0       115
982     0       0       1       139
982     1       1       0       183
983     0       1       1       211
983     1       0       0       57
984     0       1       0       434
984     1       1       0       554
985     0       1       0       811
985     1       1       1       302
986     0       1       0       726
986     1       0       1       159
987     0       0       1       696
987     1       0       0       524
988     0       0       1       603
988     1       0       0       828
989     0       0       0       157
989     1       1       1       441
990     0       1       1       435
990     1       0       1       675
991     0       1       1       97
991     1       0       0       765
992     0       0       1       721
992     1       0       0       61
993     0       1       0       431
993     1       1       1       340
994     0       1       1       875
994     1       0       0       422
995     0       1       1       983
995     1       0       0       355
996     0       1       1       336
996     1       0       0       652
997     0       1       1       46
997     1       1       0       914
998     0       1       1       333
998     1       0       1       843
999     0       0       0       876
999     1       1       1       283
1000    0       1       1       50
1000    1       1       1       727

Fitness Score       : 2791.379
Halted              : T
Sigma               : 15
Shifts              : 367
Last State          : 0
Last Position       : 27
Length Traversed    : 29
Avg Block Size      : 1.6666666
Max Block Size      : 4
Condensed Tape: (1 1 1 1 1 4 2 3 1)
**************************************************
