
******** Search completed in 168.378 secs ********

Population size  : 200
Generations      : 20
Mutation Rate    : 1/5
Machine States   : 1000
Shift Limit      : 1000
Fitness weights: 
  Weight a   : 1/50
  Weight b   : 1/20
  Weight c   : 1/50
  Weight d   : 1/30
  Weight e   : 1200
  Weight f   : 1/50
  Weight g   : 1/30
  Weight h   : 1
  Weight i   : 700

**************************************************


******************* best fit *********************
Machine #: (1 0 757 0 0 63 1 0 168 1 1 72 1 0 453 1 1 709 0 0 981 1 0 318 1 1 789 1 0 453
 1 1 572 0 0 851 0 1 323 1 1 32 1 0 401 0 1 859 0 0 810 1 0 545 1 0 848 0 1 127
 1 1 230 1 0 577 1 1 772 1 0 207 0 1 828 0 0 511 0 1 946 1 1 868 0 0 821 0 1
 397 0 1 87 0 1 251 0 1 874 0 0 281 0 0 490 1 1 341 1 1 221 0 1 768 1 1 868 0 0
 577 1 0 883 1 0 666 1 0 397 1 0 803 0 0 17 1 0 219 1 1 607 1 0 902 1 1 361 0 0
 108 1 0 126 1 1 140 1 0 409 1 1 106 0 0 987 0 1 910 1 1 389 1 0 25 0 1 887 0 0
 235 1 0 248 1 0 243 0 1 626 1 1 334 1 0 151 1 1 809 1 0 870 0 1 496 0 0 889 0
 1 501 1 0 313 1 1 805 0 0 207 0 1 246 1 0 970 1 1 639 1 1 31 0 0 62 1 0 387 1
 1 712 0 0 519 1 0 246 0 1 280 1 0 513 1 0 639 1 0 196 1 1 383 0 1 762 1 1 696
 0 1 201 1 0 601 0 1 8 1 1 769 1 0 832 0 0 782 1 0 563 0 1 798 0 1 230 1 0 543
 1 1 595 0 1 428 1 0 290 1 0 579 1 0 912 0 0 315 0 1 72 1 0 256 1 1 790 0 1 838
 1 1 260 1 0 986 0 1 513 0 1 553 0 1 284 1 0 669 1 1 61 0 1 759 1 0 352 1 0 197
 0 0 526 1 1 75 0 1 862 1 1 244 1 1 203 0 0 211 1 0 864 0 1 770 0 0 420 1 1 326
 0 0 546 1 1 172 1 0 626 0 0 969 1 0 246 0 0 102 1 0 790 1 0 282 0 1 735 1 1
 815 1 1 184 0 1 625 1 1 504 0 0 568 0 0 849 1 1 770 0 1 480 0 1 565 0 1 416 1
 1 234 0 1 543 0 1 808 1 1 980 1 1 866 0 1 783 0 1 890 1 0 413 0 1 751 1 0 437
 0 0 810 0 0 12 1 0 813 0 1 990 0 1 915 0 1 297 1 1 337 1 0 833 1 1 428 1 1 583
 1 0 98 0 1 70 0 1 582 1 0 858 0 1 40 1 1 943 1 0 778 0 0 16 1 0 160 1 0 41 0 1
 276 1 0 393 1 0 289 0 1 972 1 1 763 0 1 296 0 0 464 1 0 356 1 1 484 0 1 183 1
 1 360 1 1 200 1 1 844 1 1 208 0 1 655 1 0 125 0 1 371 0 1 793 0 1 625 0 0 170
 0 1 336 1 0 285 1 1 746 0 0 802 1 1 995 0 0 791 1 0 487 0 1 327 1 0 803 0 0
 433 0 1 252 0 0 773 0 1 781 0 0 301 1 1 256 0 1 414 0 0 797 1 1 797 0 0 965 0
 0 25 1 1 112 1 1 272 1 0 229 0 1 367 1 0 456 1 1 720 1 1 397 1 0 846 0 0 222 0
 1 439 0 0 639 1 0 307 1 1 788 0 0 344 0 1 244 1 1 953 1 1 293 1 1 684 1 0 879
 1 0 924 0 0 478 0 1 891 1 0 654 1 0 390 0 1 971 1 0 264 0 0 87 1 1 671 1 0 703
 1 1 190 0 1 438 0 0 691 0 1 986 1 0 444 0 1 911 0 0 62 0 0 526 0 0 942 1 1 934
 1 1 436 0 0 914 1 0 267 0 1 783 1 0 198 0 1 176 1 0 81 0 1 945 0 1 398 0 0 513
 1 1 325 0 1 488 1 1 544 0 0 546 1 1 391 1 1 515 0 1 574 1 0 899 1 0 61 1 1 47
 0 0 155 1 0 306 1 1 245 0 1 805 1 0 510 1 0 508 0 1 202 0 0 938 0 0 126 1 1 70
 0 0 327 0 1 882 0 1 859 1 1 459 1 0 925 1 0 261 1 0 549 1 1 969 1 1 187 0 1
 657 0 1 0 0 0 601 0 0 657 0 1 994 1 0 873 1 0 762 1 0 25 0 0 626 0 1 56 0 1
 673 1 1 137 1 0 873 0 1 940 1 0 9 0 1 223 0 0 958 1 0 976 1 0 316 1 1 685 0 1
 932 0 1 7 1 1 689 0 0 832 1 0 649 1 1 165 0 0 620 0 1 684 0 1 758 0 1 424 0 1
 747 0 0 944 0 0 44 1 1 194 1 1 520 0 1 673 1 1 327 0 0 785 1 0 680 1 0 218 1 0
 970 1 0 308 0 0 229 1 0 28 1 1 765 1 0 63 1 1 307 0 0 548 1 0 921 1 1 517 1 0
 334 1 1 207 0 0 450 0 1 244 1 1 541 1 0 342 0 1 195 0 0 435 1 0 714 1 0 199 0
 1 163 1 1 480 1 0 167 1 1 283 1 0 919 0 1 430 0 0 650 0 1 637 1 0 36 1 1 811 0
 0 734 0 1 703 1 0 150 1 1 609 1 1 293 0 0 411 1 0 522 1 1 962 0 0 983 1 0 271
 0 1 659 1 0 564 1 0 277 1 0 853 1 1 174 0 1 829 1 1 836 0 1 348 1 0 289 0 1
 262 1 1 279 1 0 273 0 0 120 1 0 947 0 1 861 0 1 686 1 0 354 1 1 612 0 1 947 1
 0 271 1 0 400 1 0 922 0 0 818 0 1 959 1 0 767 1 1 383 0 1 135 1 1 251 1 0 234
 0 1 282 0 1 155 0 1 541 1 0 952 1 1 637 0 1 591 1 0 994 1 0 668 0 0 78 1 1 482
 0 1 236 1 1 28 1 1 856 0 0 18 1 0 979 0 1 159 0 0 848 1 1 362 0 0 638 1 1 771
 1 0 705 0 0 332 1 0 974 0 0 873 1 0 371 1 0 646 0 1 42 1 1 400 1 1 955 0 1 394
 1 1 6 0 0 803 0 0 965 1 1 753 0 1 652 0 1 963 0 1 596 1 1 112 0 1 254 0 1 425
 1 1 108 1 1 764 0 1 125 0 1 884 1 0 85 0 1 901 1 0 666 0 0 549 0 0 693 1 0 126
 0 1 634 0 1 491 0 1 439 1 1 994 1 0 219 1 1 499 1 1 357 1 0 385 0 1 739 0 1
 662 1 0 503 0 1 149 1 1 206 1 0 953 0 0 230 1 0 194 1 0 880 0 1 342 1 0 939 1
 0 930 0 1 697 1 1 667 0 1 748 0 0 821 1 0 66 1 1 392 0 1 522 1 1 49 1 1 632 1
 1 535 1 1 251 0 1 377 1 0 812 0 1 336 0 1 14 0 1 624 0 0 167 0 1 746 1 0 937 1
 1 756 0 0 776 1 1 319 0 0 545 1 0 325 0 1 691 1 0 179 1 0 680 1 1 776 1 1 513
 1 0 419 0 0 733 0 1 303 0 0 432 1 0 615 1 1 419 1 1 834 0 1 690 1 0 898 0 1
 401 0 0 146 0 1 758 0 1 973 0 0 519 0 0 797 0 0 618 1 0 462 0 0 68 1 0 364 1 0
 445 0 0 673 1 1 745 0 0 313 0 0 510 0 0 575 1 1 241 0 1 922 0 1 295 0 0 468 1
 0 930 0 0 70 1 0 425 0 0 446 1 0 46 0 1 435 1 0 554 0 0 581 0 0 24 0 1 689 1 1
 770 0 0 474 1 0 63 0 0 663 0 0 647 1 0 168 1 0 948 1 1 165 0 1 705 1 0 871 0 1
 441 1 0 563 0 1 983 0 1 581 1 0 849 1 0 844 0 0 575 0 1 189 1 1 661 0 0 580 1
 0 339 1 0 773 0 1 313 0 0 515 0 1 565 0 1 362 1 1 448 0 1 610 1 1 182 0 1 431
 1 1 701 0 0 192 1 0 736 0 1 540 1 0 443 1 1 460 1 0 669 0 0 295 0 0 909 1 1
 704 0 1 684 0 1 589 0 1 898 0 1 970 0 0 76 0 1 628 0 1 742 1 1 858 0 1 271 0 1
 956 0 1 50 1 1 287 0 1 531 0 1 994 0 0 582 1 1 55 1 0 672 1 1 909 1 1 871 0 1
 497 0 0 26 1 1 243 1 0 377 1 0 663 0 1 841 1 1 876 0 0 117 1 0 957 1 0 420 0 0
 363 0 1 927 0 0 710 1 0 233 1 0 252 1 0 355 0 1 905 1 1 712 1 0 205 1 1 292 0
 1 222 0 0 826 0 1 225 0 0 678 1 1 754 1 1 128 0 1 332 1 0 28 0 1 513 0 1 560 1
 0 132 1 1 991 1 1 252 0 1 921 1 0 867 0 0 277 0 0 350 0 0 245 0 1 161 1 1 543
 0 1 51 1 0 996 0 1 695 0 1 110 1 0 898 1 0 805 1 1 875 0 0 322 0 1 843 1 1 345
 1 0 470 0 0 275 0 1 746 0 1 880 0 1 957 1 1 233 1 0 720 0 1 604 0 1 594 1 0
 688 1 1 565 1 0 299 1 0 91 1 0 878 1 0 923 1 0 46 1 1 35 0 0 122 0 0 747 1 0
 300 1 0 368 0 0 73 0 0 270 0 1 948 0 0 763 0 0 303 0 1 749 0 1 393 0 0 231 0 1
 685 1 0 598 1 0 181 0 1 410 1 1 535 0 1 325 0 1 383 1 0 137 0 0 516 1 0 910 1
 0 70 1 1 927 1 1 445 0 0 272 1 0 446 0 0 217 0 1 284 0 1 711 0 1 512 1 1 564 1
 1 738 0 0 13 1 0 133 1 1 923 1 1 454 1 0 664 0 1 924 1 0 56 1 1 226 1 1 617 1
 1 527 0 0 834 1 0 993 1 1 688 0 1 996 0 0 249 1 0 82 0 0 685 0 1 678 1 1 174 1
 0 330 1 0 503 1 1 431 1 1 690 0 0 305 1 0 241 0 0 767 1 1 363 0 0 204 0 0 609
 1 1 745 1 0 234 0 0 493 0 0 287 1 1 597 1 1 414 0 0 474 1 0 859 0 1 946 0 1
 667 1 0 373 0 1 547 0 1 908 0 1 6 1 0 760 1 0 595 1 0 672 1 0 984 0 1 603 0 0
 75 1 0 334 1 1 848 0 0 605 0 1 60 0 0 278 0 1 146 0 0 15 1 1 282 0 1 104 1 1
 275 1 0 378 1 1 327 0 0 110 0 1 987 0 0 109 1 1 978 1 1 154 1 1 44 0 0 209 1 1
 495 0 0 823 0 1 370 0 1 745 1 1 49 1 0 42 0 1 360 1 1 173 0 1 309 0 0 567 0 0
 937 1 0 188 1 0 169 0 0 256 0 0 885 0 1 211 0 1 645 1 1 853 1 1 384 0 0 534 1
 0 430 1 0 330 1 0 651 1 1 250 0 0 194 1 0 727 1 1 713 0 1 952 0 1 907 1 1 751
 1 0 269 0 0 169 0 1 498 0 1 732 0 1 14 1 0 119 1 0 271 0 0 808 0 0 736 0 1 208
 0 1 397 0 0 807 1 1 811 1 0 412 0 1 879 0 1 562 1 1 394 1 0 929 0 1 199 1 1
 181 0 1 192 1 0 84 1 1 350 0 0 439 0 0 6 1 0 723 1 0 560 1 1 805 0 0 526 0 1
 486 0 1 729 0 0 625 0 0 710 1 1 52 0 0 299 1 1 485 1 0 578 0 0 328 1 1 156 1 0
 406 1 1 558 0 0 132 0 0 728 0 1 175 1 1 185 0 1 573 1 1 309 1 1 103 0 0 927 0
 1 48 1 0 655 0 0 348 1 0 877 0 0 162 0 0 441 0 0 9 0 1 577 1 0 833 0 0 458 0 1
 863 0 0 774 1 1 75 1 1 267 0 0 281 1 0 189 1 1 739 0 0 798 1 0 264 0 0 353 1 0
 811 1 0 124 1 1 145 1 0 208 0 0 923 1 0 779 1 1 244 1 1 854 0 0 190 0 0 919 1
 0 128 1 0 132 1 0 392 1 1 534 0 0 908 1 0 861 0 0 581 1 0 452 0 1 949 0 0 79 0
 1 617 1 0 873 0 0 53 0 1 227 0 0 604 1 0 648 0 0 668 0 0 591 1 0 93 0 1 31 1 0
 855 0 1 453 0 1 167 0 1 276 0 0 648 0 1 484 0 1 448 0 1 711 1 1 885 1 1 587 0
 0 420 1 0 190 1 1 965 0 1 218 1 0 495 0 0 85 1 0 773 0 0 270 0 0 118 1 0 587 1
 1 106 1 0 7 0 1 149 1 0 626 0 1 998 1 1 619 1 0 246 0 1 508 1 0 307 0 0 933 1
 1 776 0 1 500 1 1 736 1 1 334 0 0 828 0 1 339 0 0 25 0 0 607 0 0 804 1 1 217 1
 1 118 1 0 860 1 0 482 0 0 325 0 0 97 1 1 660 1 0 548 1 0 955 0 1 294 1 1 639 0
 0 800 0 0 919 1 1 878 0 0 147 0 0 104 1 0 59 0 0 606 0 1 902 1 0 571 0 0 437 0
 1 269 1 1 545 1 0 878 0 1 27 0 0 165 1 1 134 0 0 243 0 0 877 1 1 836 1 1 360 1
 1 506 0 0 489 0 1 919 1 0 243 1 1 928 1 1 155 0 1 806 1 0 741 0 1 69 1 1 675 1
 0 264 0 0 784 0 1 465 1 0 388 0 1 10 0 1 326 1 0 262 0 0 816 1 0 841 1 1 390 0
 0 951 1 0 884 1 1 534 1 1 970 1 0 547 1 0 795 1 1 665 1 0 368 1 1 586 1 1 248
 0 0 561 0 0 398 0 0 88 1 1 166 1 1 482 1 1 668 0 0 727 1 1 915 1 1 942 1 1 769
 0 1 397 1 0 110 0 0 700 1 1 607 1 1 757 0 0 278 0 0 851 1 0 713 1 1 480 1 0
 229 1 0 994 1 1 943 0 0 80 1 0 488 1 0 598 0 0 936 1 1 984 0 1 982 0 0 317 0 1
 481 1 0 407 1 0 558 1 1 801 0 0 716 1 1 107 1 0 444 1 1 350 0 0 169 1 0 559 0
 0 307 1 1 401 0 0 74 0 1 797 0 0 575 1 1 336 1 0 371 1 1 788 1 0 508 0 0 154 1
 0 81 0 1 614 0 0 390 0 0 476 0 0 158 0 0 778 1 0 15 0 0 767 0 1 856 1 0 299 0
 0 190 0 1 373 0 0 286 1 0 774 0 0 531 0 0 126 0 0 78 0 1 842 1 0 256 1 0 855 0
 0 433 1 0 931 1 0 18 0 0 281 1 1 579 0 0 653 1 1 928 0 0 852 1 0 543 1 0 15 1
 0 936 0 0 156 1 0 109 1 1 48 0 0 679 0 1 501 1 0 773 1 1 316 0 0 123 0 0 45 0
 1 772 0 0 845 0 1 957 0 1 635 1 1 24 0 0 448 0 1 457 0 1 230 0 0 177 0 0 496 0
 0 3 0 1 704 1 0 581 0 1 374 1 0 175 1 1 552 0 1 724 0 0 788 1 1 369 1 0 68 0 1
 373 0 0 101 0 0 144 0 0 361 1 1 243 0 0 686 1 0 342 0 1 202 0 1 160 0 0 72 1 0
 181 0 1 530 1 0 292 0 0 518 0 1 103 1 1 737 1 1 239 1 1 654 1 0 65 0 1 889 1 0
 111 0 0 102 1 1 686 0 0 756 1 1 614 1 0 367 0 1 456 1 1 486 1 1 961 0 1 152 0
 1 131 1 0 407 1 0 968 1 0 199 1 1 939 1 0 591 1 1 960 0 1 588 0 0 477 0 1 350
 0 0 732 1 1 852 1 1 271 0 0 710 0 0 844 1 0 878 1 1 31 0 0 406 1 1 604 1 1 791
 0 0 948 0 0 476 1 1 392 0 1 677 1 1 98 0 1 257 1 1 418 0 1 52 1 1 927 1 0 321
 0 0 258 1 1 660 1 1 732 0 1 907 1 1 168 1 1 7 1 0 597 0 0 984 0 1 419 1 1 594
 1 1 252 1 1 144 1 1 615 0 1 950 1 0 314 0 1 616 1 0 671 0 1 179 0 0 358 1 0
 331 0 0 661 0 0 78 1 0 47 0 1 877 0 0 973 0 0 563 0 1 352 1 0 708 0 0 577 0 1
 275 0 0 708 0 1 509 1 0 553 1 1 525 0 0 561 0 1 824 1 1 893 1 1 545 1 1 348 1
 0 323 1 0 608 0 0 30 0 1 168 1 0 925 1 0 606 0 1 919 1 0 810 0 0 503 1 1 432 1
 0 852 1 1 99 0 1 876 0 0 98 0 1 964 1 0 232 0 1 318 0 0 690 0 0 633 0 0 758 1
 1 601 1 1 24 0 0 336 1 0 635 0 1 760 1 0 794 0 1 348 1 0 598 0 1 913 0 1 916 0
 0 933 1 1 769 0 1 545 1 1 205 0 0 409 1 1 440 1 1 307 0 1 880 1 0 17 1 0 231 1
 1 355 0 0 901 1 0 883 1 1 162 0 1 453 1 0 484 1 0 299 0 1 715 0 0 568 0 0 960
 1 1 855 0 0 916 0 1 379 0 1 440 1 1 876 1 0 316 1 0 967 1 0 209 1 1 686 1 1
 258 0 1 570 0 1 254 0 0 210 0 0 671 0 1 494 1 0 187 1 0 996 1 0 982 0 0 859 0
 1 71 0 1 773 1 1 358 1 0 430 0 1 363 1 0 811 0 1 199 0 0 55 1 0 941 1 0 40 1 1
 311 0 1 721 0 1 449 1 1 932 0 0 384 1 0 267 1 1 52 0 0 414 0 1 661 0 1 211 0 1
 332 0 1 559 0 0 326 0 0 608 1 1 876 1 1 867 0 1 644 1 1 819 0 0 352 1 0 413 1
 0 206 1 0 608 1 0 516 0 0 526 1 0 379 1 1 559 1 0 935 1 1 766 0 0 132 1 0 200
 1 1 813 1 0 918 1 1 104 0 0 492 0 1 982 1 1 553 1 0 65 0 1 361 0 0 147 1 0 856
 1 0 711 0 1 225 1 1 802 1 0 781 1 1 49 1 0 865 0 1 829 0 0 357 0 1 971 1 1 781
 0 0 778 0 1 503 0 1 294 0 1 392 0 1 798 0 0 744 0 0 585 1 1 910 1 1 628 0 1 98
 1 1 437 0 0 867 1 0 928 1 0 569 1 0 735 1 0 523 0 0 742 1 0 6 1 1 990 1 0 180
 1 1 240 0 0 891 1 0 313 1 1 463 1 0 364 1 1 900 0 0 531 0 1 254 1 1 17 1 0 14
 0 1 755 0 0 164 1 0 86 1 0 317 0 1 254 1 1 626 1 0 974 1 1 102 1 0 414 0 1 404
 0 0 278 0 1 423 1 0 469 1 1 142 0 0 669 0 1 130 1 0 620 1 1 933 1 1 777 0 0
 448 1 0 815 1 1 435 0 0 653 1 0 903 0 1 750 1 0 966 1 0 326 1 0 939 1 1 590 0
 1 848 1 1 946 0 1 227 1 0 887 0 1 601 1 1 907 1 0 326 0 0 185 1 0 585 0 1 868
 0 1 808 1 0 976 1 1 375 0 1 583 1 0 934 1 0 856 1 0 67 0 0 498 0 1 3 1 0 94 1
 1 992 0 1 934 1 1 542 1 0 162 0 1 0 0 1 940 0 1 191 1 0 79 1 1 544 0 1 52 1 0
 839 1 0 392 0 0 131 1 1 706 0 1 757 1 1 561 1 1 621 0 0 639 1 0 228 0 1 506 0
 0 755 1 1 528 0 0 544 1 1 388 1 0 339 0 0 316 1 0 280 0 0 116 1 0 147 1 0 64 0
 1 132 1 1 954 1 1 885 0 1 901 1 1 143 0 0 491 0 0 819 1 1 243 0 1 44 0 1 845 0
 1 596 1 1 18 0 1 488 0 1 201 1 1 30 1 1 971 0 1 501 0 1 954 1 0 443 0 1 939 1
 0 727 0 0 626 0 0 321 1 0 562 0 1 808 0 1 658 0 1 386 1 1 47 1 0 33 1 1 221 1
 1 35 1 0 672 0 1 721 0 1 904 1 0 780 0 1 929 1 1 524 1 0 277 0 0 368 1 0 966 1
 0 916 0 1 312 1 0 935 1 0 408 0 1 859 1 1 824 0 1 721 0 0 915 1 0 492 1 1 34 0
 1 118 1 1 184 1 1 502 1 1 382 1 1 85 0 1 696 1 0 408 0 1 604 0 1 616 0 1 637 0
 0 792 0 1 905 1 0 254 1 1 265 0 0 386 1 1 947 0 0 0 1 0 446 0 1 860 1 0 287 0
 0 330 0 1 593 0 0 427 0 1 555 0 0 723 1 1 150 0 1 938 0 0 116 1 1 5 0 0 136 0
 0 83 1 1 892 1 1 223 1 0 382 0 1 479 1 0 888 1 1 432 1 1 794 1 0 733 0 0 667 0
 1 469 0 0 92 1 0 266 1 1 6 1 1 296 0 1 730 1 0 955 0 1 532 0 0 229 0 1 253 0 1
 930 0 0 992 0 0 936 0 0 772 1 0 51 0 0 903 1 0 849 1 0 426 0 0 980 1 1 292 0 0
 52 0 0 784 0 0 664 1 1 884 0 1 761 0 1 567 0 0 596 1 0 534 0 0 845 1 0 6 0 0
 925 1 0 247 0 1 241 1 0 942 0 0 193 0 0 505 0 1 70 1 1 160 0 0 979 1 0 256 0 0
 811 0 0 644 1 0 687 1 0 609 1 1 393 0 1 96 1 0 96 0 1 31 1 0 941 0 1 876 0 1
 237 1 0 402 1 0 227 0 0 599 0 1 3 1 1 20 0 0 808 1 0 686 1 0 194 0 1 825 0 0
 449 0 1 679 0 1 763 1 1 445 0 1 669 1 1 620 0 1 517 1 1 691 0 0 785 1 0 190 0
 0 549 1 0 593 1 0 976 1 1 895 1 0 89 0 0 180 1 0 461 1 1 555 1 1 430 0 0 329 0
 0 820 1 0 5 1 0 516 1 0 367 1 1 900 0 0 790 1 0 615 0 0 120 1 0 716 0 1 809 0
 0 692 0 1 442 1 0 159 0 0 252 0 1 383 0 0 131 0 0 804 0 1 980 1 0 967 0 0 436
 0 1 292 0 0 388 1 1 869 1 1 687 0 0 244 1 0 71 1 1 540 0 0 976 1 0 581 0 0 294
 1 0 352 1 0 829 1 1 54 1 0 589 0 0 180 1 0 592 1 1 452 1 1 456 0 0 751 0 0 701
 1 0 247 1 0 3 1 0 642 1 1 342 0 0 513 1 0 491 0 0 400 1 0 541 0 1 47 0 0 972 0
 1 974 1 0 472 0 0 228 0 1 847 0 0 639 1 0 372 0 0 648 0 0 532 1 0 671 0 1 618
 1 0 934 0 1 126 0 1 627 0 1 605 0 0 971 0 1 536 0 1 592 0 1 982 1 1 680 1 1
 194 0 0 73 1 0 274 1 1 293 0 1 434 1 0 414 0 0 21 1 0 937 0 0 129 0 0 613 1 0
 965 1 1 882 1 0 901 0 1 415 1 0 122 0 1 313 1 1 439 1 0 817 0 1 369 1 0 176 0
 0 428 1 1 426 0 1 392 1 1 499 1 1 853 0 0 615 0 1 278 0 0 935 0 0 406 0 0 196
 1 1 542 1 1 288 1 0 732 1 0 147 0 0 169 0 0 851 1 1 226 1 0 730 1 0 773 0 1
 634 1 1 740 0 0 176 0 0 615 1 1 82 0 0 206 0 0 852 1 0 806 0 0 634 0 1 428 1 0
 696 0 0 193 0 1 770 1 1 941 1 0 685 0 1 337 0 0 333 1 1 720 0 0 428 0 0 459 1
 1 150 1 1 80 1 1 687 0 0 716 0 1 162 1 0 92 1 1 519 1 1 140 0 1 649 1 0 813 0
 1 437 1 1 324 1 0 853 0 0 276 0 1 837 1 0 458 0 1 171 0 1 565 1 0 874 0 0 967
 1 0 292 1 1 568 0 0 685 1 0 697 1 1 474 1 1 578 1 0 670 1 0 728 1 1 598 1 0
 570 1 1 61 1 1 477 0 0 540 0 0 193 0 0 545 1 1 708 1 1 732 1 1 546 0 0 73 1 1
 493 1 1 278 1 1 977 0 1 923 1 0 373 0 0 360 1 1 250 1 1 638 0 0 597 0 0 584 1
 0 806 1 1 710 1 0 194 1 0 167 1 1 715 0 0 869 1 0 633 1 0 532 0 0 468 1 1 94 0
 1 750 0 0 432 0 1 690 1 0 374 1 0 29 1 1 77 0 0 242 1 1 215 1 0 224 1 1 454 0
 0 896 1 0 21 0 0 721 1 1 24 0 0 56 0 1 880 0 0 970 1 1 798 1 0 121 1 1 487 1 0
 895 0 0 882 1 0 836 0 1 291 0 0 87 0 0 347 0 0 689 0 0 193 1 0 982 0 0 159 0 1
 189 1 0 394 0 0 696 0 1 877 0 0 940 1 0 618 0 0 280 0 0 609 0 0 370 0 1 656 1
 0 338 1 0 172 0 0 163 1 0 162 1 0 354 0 0 251 1 1 404 0 0 171 1 1 197 0 0 956
 1 0 138 1 0 61 1 0 609 0 0 74 1 0 353 1 1 423 0 0 541 0 1 195 1 0 561 1 1 826
 0 0 393 0 0 27 0 1 606 0 0 149 0 1 118 0 1 312 1 1 405 0 0 821 0 1 858 0 1 112
 0 0 65 0 0 68 0 0 926 0 1 870 1 0 633 0 1 839 1 0 959 1 1 205 0 1 570 0 0 674
 1 1 395 1 0 302 0 1 29 0 0 821 0 0 625 0 0 582 1 1 51 0 0 698 1 0 898 0 1 389
 0 1 819 0 0 669 1 0 43 0 1 12 1 0 897 0 0 540 0 1 105 1 1 689 1 1 568 1 1 569
 1 0 130 0 1 393 1 0 129 0 0 482 1 1 28 0 0 530 1 1 873 1 0 632 0 1 609 1 1 572
 1 1 120 0 1 74 0 1 196 1 0 261 1 0 327 1 0 681 1 1 914 1 0 590 1 1 403 0 1 791
 0 0 129 0 1 921 0 0 523 1 1 722 1 1 226 0 0 698 0 0 488 1 0 548 1 1 822 0 0
 945 1 1 962 1 1 5 0 0 329 0 0 517 1 1 63 0 1 691 1 1 945 0 1 219 1 1 880 0 1
 297 1 1 308 1 0 644 0 0 283 1 1 643 1 1 623 0 1 638 1 1 110 1 1 371 1 0 737 0
 0 540 0 1 770 1 1 75 1 1 700 1 1 333 1 1 37 0 1 814 1 0 826 0 1 712 1 0 154 0
 1 42 0 0 77 1 0 427 0 0 648 0 0 914 1 0 649 0 1 225 0 0 473 0 0 241 0 1 190 1
 0 356 0 0 803 0 0 861 0 0 55 0 1 742 1 0 424 0 0 999 0 1 986 0 0 56 1 1 863 1
 1 640 0 0 994 1 0 130 1 1 633 0 0 197 1 0 35 0 0 415 1 0 220 0 1 247 0 0 743 0
 0 607 1 1 419 1 1 604 0 1 384 1 1 672 0 0 813 1 0 554 1 0 456 1 0 894)
States: 1000

State   Read    Write   Move    Next-State
1       0       1       0       757
1       1       0       0       63
2       0       1       0       168
2       1       1       1       72
3       0       1       0       453
3       1       1       1       709
4       0       0       0       981
4       1       1       0       318
5       0       1       1       789
5       1       1       0       453
6       0       1       1       572
6       1       0       0       851
7       0       0       1       323
7       1       1       1       32
8       0       1       0       401
8       1       0       1       859
9       0       0       0       810
9       1       1       0       545
10      0       1       0       848
10      1       0       1       127
11      0       1       1       230
11      1       1       0       577
12      0       1       1       772
12      1       1       0       207
13      0       0       1       828
13      1       0       0       511
14      0       0       1       946
14      1       1       1       868
15      0       0       0       821
15      1       0       1       397
16      0       0       1       87
16      1       0       1       251
17      0       0       1       874
17      1       0       0       281
18      0       0       0       490
18      1       1       1       341
19      0       1       1       221
19      1       0       1       768
20      0       1       1       868
20      1       0       0       577
21      0       1       0       883
21      1       1       0       666
22      0       1       0       397
22      1       1       0       803
23      0       0       0       17
23      1       1       0       219
24      0       1       1       607
24      1       1       0       902
25      0       1       1       361
25      1       0       0       108
26      0       1       0       126
26      1       1       1       140
27      0       1       0       409
27      1       1       1       106
28      0       0       0       987
28      1       0       1       910
29      0       1       1       389
29      1       1       0       25
30      0       0       1       887
30      1       0       0       235
31      0       1       0       248
31      1       1       0       243
32      0       0       1       626
32      1       1       1       334
33      0       1       0       151
33      1       1       1       809
34      0       1       0       870
34      1       0       1       496
35      0       0       0       889
35      1       0       1       501
36      0       1       0       313
36      1       1       1       805
37      0       0       0       207
37      1       0       1       246
38      0       1       0       970
38      1       1       1       639
39      0       1       1       31
39      1       0       0       62
40      0       1       0       387
40      1       1       1       712
41      0       0       0       519
41      1       1       0       246
42      0       0       1       280
42      1       1       0       513
43      0       1       0       639
43      1       1       0       196
44      0       1       1       383
44      1       0       1       762
45      0       1       1       696
45      1       0       1       201
46      0       1       0       601
46      1       0       1       8
47      0       1       1       769
47      1       1       0       832
48      0       0       0       782
48      1       1       0       563
49      0       0       1       798
49      1       0       1       230
50      0       1       0       543
50      1       1       1       595
51      0       0       1       428
51      1       1       0       290
52      0       1       0       579
52      1       1       0       912
53      0       0       0       315
53      1       0       1       72
54      0       1       0       256
54      1       1       1       790
55      0       0       1       838
55      1       1       1       260
56      0       1       0       986
56      1       0       1       513
57      0       0       1       553
57      1       0       1       284
58      0       1       0       669
58      1       1       1       61
59      0       0       1       759
59      1       1       0       352
60      0       1       0       197
60      1       0       0       526
61      0       1       1       75
61      1       0       1       862
62      0       1       1       244
62      1       1       1       203
63      0       0       0       211
63      1       1       0       864
64      0       0       1       770
64      1       0       0       420
65      0       1       1       326
65      1       0       0       546
66      0       1       1       172
66      1       1       0       626
67      0       0       0       969
67      1       1       0       246
68      0       0       0       102
68      1       1       0       790
69      0       1       0       282
69      1       0       1       735
70      0       1       1       815
70      1       1       1       184
71      0       0       1       625
71      1       1       1       504
72      0       0       0       568
72      1       0       0       849
73      0       1       1       770
73      1       0       1       480
74      0       0       1       565
74      1       0       1       416
75      0       1       1       234
75      1       0       1       543
76      0       0       1       808
76      1       1       1       980
77      0       1       1       866
77      1       0       1       783
78      0       0       1       890
78      1       1       0       413
79      0       0       1       751
79      1       1       0       437
80      0       0       0       810
80      1       0       0       12
81      0       1       0       813
81      1       0       1       990
82      0       0       1       915
82      1       0       1       297
83      0       1       1       337
83      1       1       0       833
84      0       1       1       428
84      1       1       1       583
85      0       1       0       98
85      1       0       1       70
86      0       0       1       582
86      1       1       0       858
87      0       0       1       40
87      1       1       1       943
88      0       1       0       778
88      1       0       0       16
89      0       1       0       160
89      1       1       0       41
90      0       0       1       276
90      1       1       0       393
91      0       1       0       289
91      1       0       1       972
92      0       1       1       763
92      1       0       1       296
93      0       0       0       464
93      1       1       0       356
94      0       1       1       484
94      1       0       1       183
95      0       1       1       360
95      1       1       1       200
96      0       1       1       844
96      1       1       1       208
97      0       0       1       655
97      1       1       0       125
98      0       0       1       371
98      1       0       1       793
99      0       0       1       625
99      1       0       0       170
100     0       0       1       336
100     1       1       0       285
101     0       1       1       746
101     1       0       0       802
102     0       1       1       995
102     1       0       0       791
103     0       1       0       487
103     1       0       1       327
104     0       1       0       803
104     1       0       0       433
105     0       0       1       252
105     1       0       0       773
106     0       0       1       781
106     1       0       0       301
107     0       1       1       256
107     1       0       1       414
108     0       0       0       797
108     1       1       1       797
109     0       0       0       965
109     1       0       0       25
110     0       1       1       112
110     1       1       1       272
111     0       1       0       229
111     1       0       1       367
112     0       1       0       456
112     1       1       1       720
113     0       1       1       397
113     1       1       0       846
114     0       0       0       222
114     1       0       1       439
115     0       0       0       639
115     1       1       0       307
116     0       1       1       788
116     1       0       0       344
117     0       0       1       244
117     1       1       1       953
118     0       1       1       293
118     1       1       1       684
119     0       1       0       879
119     1       1       0       924
120     0       0       0       478
120     1       0       1       891
121     0       1       0       654
121     1       1       0       390
122     0       0       1       971
122     1       1       0       264
123     0       0       0       87
123     1       1       1       671
124     0       1       0       703
124     1       1       1       190
125     0       0       1       438
125     1       0       0       691
126     0       0       1       986
126     1       1       0       444
127     0       0       1       911
127     1       0       0       62
128     0       0       0       526
128     1       0       0       942
129     0       1       1       934
129     1       1       1       436
130     0       0       0       914
130     1       1       0       267
131     0       0       1       783
131     1       1       0       198
132     0       0       1       176
132     1       1       0       81
133     0       0       1       945
133     1       0       1       398
134     0       0       0       513
134     1       1       1       325
135     0       0       1       488
135     1       1       1       544
136     0       0       0       546
136     1       1       1       391
137     0       1       1       515
137     1       0       1       574
138     0       1       0       899
138     1       1       0       61
139     0       1       1       47
139     1       0       0       155
140     0       1       0       306
140     1       1       1       245
141     0       0       1       805
141     1       1       0       510
142     0       1       0       508
142     1       0       1       202
143     0       0       0       938
143     1       0       0       126
144     0       1       1       70
144     1       0       0       327
145     0       0       1       882
145     1       0       1       859
146     0       1       1       459
146     1       1       0       925
147     0       1       0       261
147     1       1       0       549
148     0       1       1       969
148     1       1       1       187
149     0       0       1       657
149     1       0       1       0
150     0       0       0       601
150     1       0       0       657
151     0       0       1       994
151     1       1       0       873
152     0       1       0       762
152     1       1       0       25
153     0       0       0       626
153     1       0       1       56
154     0       0       1       673
154     1       1       1       137
155     0       1       0       873
155     1       0       1       940
156     0       1       0       9
156     1       0       1       223
157     0       0       0       958
157     1       1       0       976
158     0       1       0       316
158     1       1       1       685
159     0       0       1       932
159     1       0       1       7
160     0       1       1       689
160     1       0       0       832
161     0       1       0       649
161     1       1       1       165
162     0       0       0       620
162     1       0       1       684
163     0       0       1       758
163     1       0       1       424
164     0       0       1       747
164     1       0       0       944
165     0       0       0       44
165     1       1       1       194
166     0       1       1       520
166     1       0       1       673
167     0       1       1       327
167     1       0       0       785
168     0       1       0       680
168     1       1       0       218
169     0       1       0       970
169     1       1       0       308
170     0       0       0       229
170     1       1       0       28
171     0       1       1       765
171     1       1       0       63
172     0       1       1       307
172     1       0       0       548
173     0       1       0       921
173     1       1       1       517
174     0       1       0       334
174     1       1       1       207
175     0       0       0       450
175     1       0       1       244
176     0       1       1       541
176     1       1       0       342
177     0       0       1       195
177     1       0       0       435
178     0       1       0       714
178     1       1       0       199
179     0       0       1       163
179     1       1       1       480
180     0       1       0       167
180     1       1       1       283
181     0       1       0       919
181     1       0       1       430
182     0       0       0       650
182     1       0       1       637
183     0       1       0       36
183     1       1       1       811
184     0       0       0       734
184     1       0       1       703
185     0       1       0       150
185     1       1       1       609
186     0       1       1       293
186     1       0       0       411
187     0       1       0       522
187     1       1       1       962
188     0       0       0       983
188     1       1       0       271
189     0       0       1       659
189     1       1       0       564
190     0       1       0       277
190     1       1       0       853
191     0       1       1       174
191     1       0       1       829
192     0       1       1       836
192     1       0       1       348
193     0       1       0       289
193     1       0       1       262
194     0       1       1       279
194     1       1       0       273
195     0       0       0       120
195     1       1       0       947
196     0       0       1       861
196     1       0       1       686
197     0       1       0       354
197     1       1       1       612
198     0       0       1       947
198     1       1       0       271
199     0       1       0       400
199     1       1       0       922
200     0       0       0       818
200     1       0       1       959
201     0       1       0       767
201     1       1       1       383
202     0       0       1       135
202     1       1       1       251
203     0       1       0       234
203     1       0       1       282
204     0       0       1       155
204     1       0       1       541
205     0       1       0       952
205     1       1       1       637
206     0       0       1       591
206     1       1       0       994
207     0       1       0       668
207     1       0       0       78
208     0       1       1       482
208     1       0       1       236
209     0       1       1       28
209     1       1       1       856
210     0       0       0       18
210     1       1       0       979
211     0       0       1       159
211     1       0       0       848
212     0       1       1       362
212     1       0       0       638
213     0       1       1       771
213     1       1       0       705
214     0       0       0       332
214     1       1       0       974
215     0       0       0       873
215     1       1       0       371
216     0       1       0       646
216     1       0       1       42
217     0       1       1       400
217     1       1       1       955
218     0       0       1       394
218     1       1       1       6
219     0       0       0       803
219     1       0       0       965
220     0       1       1       753
220     1       0       1       652
221     0       0       1       963
221     1       0       1       596
222     0       1       1       112
222     1       0       1       254
223     0       0       1       425
223     1       1       1       108
224     0       1       1       764
224     1       0       1       125
225     0       0       1       884
225     1       1       0       85
226     0       0       1       901
226     1       1       0       666
227     0       0       0       549
227     1       0       0       693
228     0       1       0       126
228     1       0       1       634
229     0       0       1       491
229     1       0       1       439
230     0       1       1       994
230     1       1       0       219
231     0       1       1       499
231     1       1       1       357
232     0       1       0       385
232     1       0       1       739
233     0       0       1       662
233     1       1       0       503
234     0       0       1       149
234     1       1       1       206
235     0       1       0       953
235     1       0       0       230
236     0       1       0       194
236     1       1       0       880
237     0       0       1       342
237     1       1       0       939
238     0       1       0       930
238     1       0       1       697
239     0       1       1       667
239     1       0       1       748
240     0       0       0       821
240     1       1       0       66
241     0       1       1       392
241     1       0       1       522
242     0       1       1       49
242     1       1       1       632
243     0       1       1       535
243     1       1       1       251
244     0       0       1       377
244     1       1       0       812
245     0       0       1       336
245     1       0       1       14
246     0       0       1       624
246     1       0       0       167
247     0       0       1       746
247     1       1       0       937
248     0       1       1       756
248     1       0       0       776
249     0       1       1       319
249     1       0       0       545
250     0       1       0       325
250     1       0       1       691
251     0       1       0       179
251     1       1       0       680
252     0       1       1       776
252     1       1       1       513
253     0       1       0       419
253     1       0       0       733
254     0       0       1       303
254     1       0       0       432
255     0       1       0       615
255     1       1       1       419
256     0       1       1       834
256     1       0       1       690
257     0       1       0       898
257     1       0       1       401
258     0       0       0       146
258     1       0       1       758
259     0       0       1       973
259     1       0       0       519
260     0       0       0       797
260     1       0       0       618
261     0       1       0       462
261     1       0       0       68
262     0       1       0       364
262     1       1       0       445
263     0       0       0       673
263     1       1       1       745
264     0       0       0       313
264     1       0       0       510
265     0       0       0       575
265     1       1       1       241
266     0       0       1       922
266     1       0       1       295
267     0       0       0       468
267     1       1       0       930
268     0       0       0       70
268     1       1       0       425
269     0       0       0       446
269     1       1       0       46
270     0       0       1       435
270     1       1       0       554
271     0       0       0       581
271     1       0       0       24
272     0       0       1       689
272     1       1       1       770
273     0       0       0       474
273     1       1       0       63
274     0       0       0       663
274     1       0       0       647
275     0       1       0       168
275     1       1       0       948
276     0       1       1       165
276     1       0       1       705
277     0       1       0       871
277     1       0       1       441
278     0       1       0       563
278     1       0       1       983
279     0       0       1       581
279     1       1       0       849
280     0       1       0       844
280     1       0       0       575
281     0       0       1       189
281     1       1       1       661
282     0       0       0       580
282     1       1       0       339
283     0       1       0       773
283     1       0       1       313
284     0       0       0       515
284     1       0       1       565
285     0       0       1       362
285     1       1       1       448
286     0       0       1       610
286     1       1       1       182
287     0       0       1       431
287     1       1       1       701
288     0       0       0       192
288     1       1       0       736
289     0       0       1       540
289     1       1       0       443
290     0       1       1       460
290     1       1       0       669
291     0       0       0       295
291     1       0       0       909
292     0       1       1       704
292     1       0       1       684
293     0       0       1       589
293     1       0       1       898
294     0       0       1       970
294     1       0       0       76
295     0       0       1       628
295     1       0       1       742
296     0       1       1       858
296     1       0       1       271
297     0       0       1       956
297     1       0       1       50
298     0       1       1       287
298     1       0       1       531
299     0       0       1       994
299     1       0       0       582
300     0       1       1       55
300     1       1       0       672
301     0       1       1       909
301     1       1       1       871
302     0       0       1       497
302     1       0       0       26
303     0       1       1       243
303     1       1       0       377
304     0       1       0       663
304     1       0       1       841
305     0       1       1       876
305     1       0       0       117
306     0       1       0       957
306     1       1       0       420
307     0       0       0       363
307     1       0       1       927
308     0       0       0       710
308     1       1       0       233
309     0       1       0       252
309     1       1       0       355
310     0       0       1       905
310     1       1       1       712
311     0       1       0       205
311     1       1       1       292
312     0       0       1       222
312     1       0       0       826
313     0       0       1       225
313     1       0       0       678
314     0       1       1       754
314     1       1       1       128
315     0       0       1       332
315     1       1       0       28
316     0       0       1       513
316     1       0       1       560
317     0       1       0       132
317     1       1       1       991
318     0       1       1       252
318     1       0       1       921
319     0       1       0       867
319     1       0       0       277
320     0       0       0       350
320     1       0       0       245
321     0       0       1       161
321     1       1       1       543
322     0       0       1       51
322     1       1       0       996
323     0       0       1       695
323     1       0       1       110
324     0       1       0       898
324     1       1       0       805
325     0       1       1       875
325     1       0       0       322
326     0       0       1       843
326     1       1       1       345
327     0       1       0       470
327     1       0       0       275
328     0       0       1       746
328     1       0       1       880
329     0       0       1       957
329     1       1       1       233
330     0       1       0       720
330     1       0       1       604
331     0       0       1       594
331     1       1       0       688
332     0       1       1       565
332     1       1       0       299
333     0       1       0       91
333     1       1       0       878
334     0       1       0       923
334     1       1       0       46
335     0       1       1       35
335     1       0       0       122
336     0       0       0       747
336     1       1       0       300
337     0       1       0       368
337     1       0       0       73
338     0       0       0       270
338     1       0       1       948
339     0       0       0       763
339     1       0       0       303
340     0       0       1       749
340     1       0       1       393
341     0       0       0       231
341     1       0       1       685
342     0       1       0       598
342     1       1       0       181
343     0       0       1       410
343     1       1       1       535
344     0       0       1       325
344     1       0       1       383
345     0       1       0       137
345     1       0       0       516
346     0       1       0       910
346     1       1       0       70
347     0       1       1       927
347     1       1       1       445
348     0       0       0       272
348     1       1       0       446
349     0       0       0       217
349     1       0       1       284
350     0       0       1       711
350     1       0       1       512
351     0       1       1       564
351     1       1       1       738
352     0       0       0       13
352     1       1       0       133
353     0       1       1       923
353     1       1       1       454
354     0       1       0       664
354     1       0       1       924
355     0       1       0       56
355     1       1       1       226
356     0       1       1       617
356     1       1       1       527
357     0       0       0       834
357     1       1       0       993
358     0       1       1       688
358     1       0       1       996
359     0       0       0       249
359     1       1       0       82
360     0       0       0       685
360     1       0       1       678
361     0       1       1       174
361     1       1       0       330
362     0       1       0       503
362     1       1       1       431
363     0       1       1       690
363     1       0       0       305
364     0       1       0       241
364     1       0       0       767
365     0       1       1       363
365     1       0       0       204
366     0       0       0       609
366     1       1       1       745
367     0       1       0       234
367     1       0       0       493
368     0       0       0       287
368     1       1       1       597
369     0       1       1       414
369     1       0       0       474
370     0       1       0       859
370     1       0       1       946
371     0       0       1       667
371     1       1       0       373
372     0       0       1       547
372     1       0       1       908
373     0       0       1       6
373     1       1       0       760
374     0       1       0       595
374     1       1       0       672
375     0       1       0       984
375     1       0       1       603
376     0       0       0       75
376     1       1       0       334
377     0       1       1       848
377     1       0       0       605
378     0       0       1       60
378     1       0       0       278
379     0       0       1       146
379     1       0       0       15
380     0       1       1       282
380     1       0       1       104
381     0       1       1       275
381     1       1       0       378
382     0       1       1       327
382     1       0       0       110
383     0       0       1       987
383     1       0       0       109
384     0       1       1       978
384     1       1       1       154
385     0       1       1       44
385     1       0       0       209
386     0       1       1       495
386     1       0       0       823
387     0       0       1       370
387     1       0       1       745
388     0       1       1       49
388     1       1       0       42
389     0       0       1       360
389     1       1       1       173
390     0       0       1       309
390     1       0       0       567
391     0       0       0       937
391     1       1       0       188
392     0       1       0       169
392     1       0       0       256
393     0       0       0       885
393     1       0       1       211
394     0       0       1       645
394     1       1       1       853
395     0       1       1       384
395     1       0       0       534
396     0       1       0       430
396     1       1       0       330
397     0       1       0       651
397     1       1       1       250
398     0       0       0       194
398     1       1       0       727
399     0       1       1       713
399     1       0       1       952
400     0       0       1       907
400     1       1       1       751
401     0       1       0       269
401     1       0       0       169
402     0       0       1       498
402     1       0       1       732
403     0       0       1       14
403     1       1       0       119
404     0       1       0       271
404     1       0       0       808
405     0       0       0       736
405     1       0       1       208
406     0       0       1       397
406     1       0       0       807
407     0       1       1       811
407     1       1       0       412
408     0       0       1       879
408     1       0       1       562
409     0       1       1       394
409     1       1       0       929
410     0       0       1       199
410     1       1       1       181
411     0       0       1       192
411     1       1       0       84
412     0       1       1       350
412     1       0       0       439
413     0       0       0       6
413     1       1       0       723
414     0       1       0       560
414     1       1       1       805
415     0       0       0       526
415     1       0       1       486
416     0       0       1       729
416     1       0       0       625
417     0       0       0       710
417     1       1       1       52
418     0       0       0       299
418     1       1       1       485
419     0       1       0       578
419     1       0       0       328
420     0       1       1       156
420     1       1       0       406
421     0       1       1       558
421     1       0       0       132
422     0       0       0       728
422     1       0       1       175
423     0       1       1       185
423     1       0       1       573
424     0       1       1       309
424     1       1       1       103
425     0       0       0       927
425     1       0       1       48
426     0       1       0       655
426     1       0       0       348
427     0       1       0       877
427     1       0       0       162
428     0       0       0       441
428     1       0       0       9
429     0       0       1       577
429     1       1       0       833
430     0       0       0       458
430     1       0       1       863
431     0       0       0       774
431     1       1       1       75
432     0       1       1       267
432     1       0       0       281
433     0       1       0       189
433     1       1       1       739
434     0       0       0       798
434     1       1       0       264
435     0       0       0       353
435     1       1       0       811
436     0       1       0       124
436     1       1       1       145
437     0       1       0       208
437     1       0       0       923
438     0       1       0       779
438     1       1       1       244
439     0       1       1       854
439     1       0       0       190
440     0       0       0       919
440     1       1       0       128
441     0       1       0       132
441     1       1       0       392
442     0       1       1       534
442     1       0       0       908
443     0       1       0       861
443     1       0       0       581
444     0       1       0       452
444     1       0       1       949
445     0       0       0       79
445     1       0       1       617
446     0       1       0       873
446     1       0       0       53
447     0       0       1       227
447     1       0       0       604
448     0       1       0       648
448     1       0       0       668
449     0       0       0       591
449     1       1       0       93
450     0       0       1       31
450     1       1       0       855
451     0       0       1       453
451     1       0       1       167
452     0       0       1       276
452     1       0       0       648
453     0       0       1       484
453     1       0       1       448
454     0       0       1       711
454     1       1       1       885
455     0       1       1       587
455     1       0       0       420
456     0       1       0       190
456     1       1       1       965
457     0       0       1       218
457     1       1       0       495
458     0       0       0       85
458     1       1       0       773
459     0       0       0       270
459     1       0       0       118
460     0       1       0       587
460     1       1       1       106
461     0       1       0       7
461     1       0       1       149
462     0       1       0       626
462     1       0       1       998
463     0       1       1       619
463     1       1       0       246
464     0       0       1       508
464     1       1       0       307
465     0       0       0       933
465     1       1       1       776
466     0       0       1       500
466     1       1       1       736
467     0       1       1       334
467     1       0       0       828
468     0       0       1       339
468     1       0       0       25
469     0       0       0       607
469     1       0       0       804
470     0       1       1       217
470     1       1       1       118
471     0       1       0       860
471     1       1       0       482
472     0       0       0       325
472     1       0       0       97
473     0       1       1       660
473     1       1       0       548
474     0       1       0       955
474     1       0       1       294
475     0       1       1       639
475     1       0       0       800
476     0       0       0       919
476     1       1       1       878
477     0       0       0       147
477     1       0       0       104
478     0       1       0       59
478     1       0       0       606
479     0       0       1       902
479     1       1       0       571
480     0       0       0       437
480     1       0       1       269
481     0       1       1       545
481     1       1       0       878
482     0       0       1       27
482     1       0       0       165
483     0       1       1       134
483     1       0       0       243
484     0       0       0       877
484     1       1       1       836
485     0       1       1       360
485     1       1       1       506
486     0       0       0       489
486     1       0       1       919
487     0       1       0       243
487     1       1       1       928
488     0       1       1       155
488     1       0       1       806
489     0       1       0       741
489     1       0       1       69
490     0       1       1       675
490     1       1       0       264
491     0       0       0       784
491     1       0       1       465
492     0       1       0       388
492     1       0       1       10
493     0       0       1       326
493     1       1       0       262
494     0       0       0       816
494     1       1       0       841
495     0       1       1       390
495     1       0       0       951
496     0       1       0       884
496     1       1       1       534
497     0       1       1       970
497     1       1       0       547
498     0       1       0       795
498     1       1       1       665
499     0       1       0       368
499     1       1       1       586
500     0       1       1       248
500     1       0       0       561
501     0       0       0       398
501     1       0       0       88
502     0       1       1       166
502     1       1       1       482
503     0       1       1       668
503     1       0       0       727
504     0       1       1       915
504     1       1       1       942
505     0       1       1       769
505     1       0       1       397
506     0       1       0       110
506     1       0       0       700
507     0       1       1       607
507     1       1       1       757
508     0       0       0       278
508     1       0       0       851
509     0       1       0       713
509     1       1       1       480
510     0       1       0       229
510     1       1       0       994
511     0       1       1       943
511     1       0       0       80
512     0       1       0       488
512     1       1       0       598
513     0       0       0       936
513     1       1       1       984
514     0       0       1       982
514     1       0       0       317
515     0       0       1       481
515     1       1       0       407
516     0       1       0       558
516     1       1       1       801
517     0       0       0       716
517     1       1       1       107
518     0       1       0       444
518     1       1       1       350
519     0       0       0       169
519     1       1       0       559
520     0       0       0       307
520     1       1       1       401
521     0       0       0       74
521     1       0       1       797
522     0       0       0       575
522     1       1       1       336
523     0       1       0       371
523     1       1       1       788
524     0       1       0       508
524     1       0       0       154
525     0       1       0       81
525     1       0       1       614
526     0       0       0       390
526     1       0       0       476
527     0       0       0       158
527     1       0       0       778
528     0       1       0       15
528     1       0       0       767
529     0       0       1       856
529     1       1       0       299
530     0       0       0       190
530     1       0       1       373
531     0       0       0       286
531     1       1       0       774
532     0       0       0       531
532     1       0       0       126
533     0       0       0       78
533     1       0       1       842
534     0       1       0       256
534     1       1       0       855
535     0       0       0       433
535     1       1       0       931
536     0       1       0       18
536     1       0       0       281
537     0       1       1       579
537     1       0       0       653
538     0       1       1       928
538     1       0       0       852
539     0       1       0       543
539     1       1       0       15
540     0       1       0       936
540     1       0       0       156
541     0       1       0       109
541     1       1       1       48
542     0       0       0       679
542     1       0       1       501
543     0       1       0       773
543     1       1       1       316
544     0       0       0       123
544     1       0       0       45
545     0       0       1       772
545     1       0       0       845
546     0       0       1       957
546     1       0       1       635
547     0       1       1       24
547     1       0       0       448
548     0       0       1       457
548     1       0       1       230
549     0       0       0       177
549     1       0       0       496
550     0       0       0       3
550     1       0       1       704
551     0       1       0       581
551     1       0       1       374
552     0       1       0       175
552     1       1       1       552
553     0       0       1       724
553     1       0       0       788
554     0       1       1       369
554     1       1       0       68
555     0       0       1       373
555     1       0       0       101
556     0       0       0       144
556     1       0       0       361
557     0       1       1       243
557     1       0       0       686
558     0       1       0       342
558     1       0       1       202
559     0       0       1       160
559     1       0       0       72
560     0       1       0       181
560     1       0       1       530
561     0       1       0       292
561     1       0       0       518
562     0       0       1       103
562     1       1       1       737
563     0       1       1       239
563     1       1       1       654
564     0       1       0       65
564     1       0       1       889
565     0       1       0       111
565     1       0       0       102
566     0       1       1       686
566     1       0       0       756
567     0       1       1       614
567     1       1       0       367
568     0       0       1       456
568     1       1       1       486
569     0       1       1       961
569     1       0       1       152
570     0       0       1       131
570     1       1       0       407
571     0       1       0       968
571     1       1       0       199
572     0       1       1       939
572     1       1       0       591
573     0       1       1       960
573     1       0       1       588
574     0       0       0       477
574     1       0       1       350
575     0       0       0       732
575     1       1       1       852
576     0       1       1       271
576     1       0       0       710
577     0       0       0       844
577     1       1       0       878
578     0       1       1       31
578     1       0       0       406
579     0       1       1       604
579     1       1       1       791
580     0       0       0       948
580     1       0       0       476
581     0       1       1       392
581     1       0       1       677
582     0       1       1       98
582     1       0       1       257
583     0       1       1       418
583     1       0       1       52
584     0       1       1       927
584     1       1       0       321
585     0       0       0       258
585     1       1       1       660
586     0       1       1       732
586     1       0       1       907
587     0       1       1       168
587     1       1       1       7
588     0       1       0       597
588     1       0       0       984
589     0       0       1       419
589     1       1       1       594
590     0       1       1       252
590     1       1       1       144
591     0       1       1       615
591     1       0       1       950
592     0       1       0       314
592     1       0       1       616
593     0       1       0       671
593     1       0       1       179
594     0       0       0       358
594     1       1       0       331
595     0       0       0       661
595     1       0       0       78
596     0       1       0       47
596     1       0       1       877
597     0       0       0       973
597     1       0       0       563
598     0       0       1       352
598     1       1       0       708
599     0       0       0       577
599     1       0       1       275
600     0       0       0       708
600     1       0       1       509
601     0       1       0       553
601     1       1       1       525
602     0       0       0       561
602     1       0       1       824
603     0       1       1       893
603     1       1       1       545
604     0       1       1       348
604     1       1       0       323
605     0       1       0       608
605     1       0       0       30
606     0       0       1       168
606     1       1       0       925
607     0       1       0       606
607     1       0       1       919
608     0       1       0       810
608     1       0       0       503
609     0       1       1       432
609     1       1       0       852
610     0       1       1       99
610     1       0       1       876
611     0       0       0       98
611     1       0       1       964
612     0       1       0       232
612     1       0       1       318
613     0       0       0       690
613     1       0       0       633
614     0       0       0       758
614     1       1       1       601
615     0       1       1       24
615     1       0       0       336
616     0       1       0       635
616     1       0       1       760
617     0       1       0       794
617     1       0       1       348
618     0       1       0       598
618     1       0       1       913
619     0       0       1       916
619     1       0       0       933
620     0       1       1       769
620     1       0       1       545
621     0       1       1       205
621     1       0       0       409
622     0       1       1       440
622     1       1       1       307
623     0       0       1       880
623     1       1       0       17
624     0       1       0       231
624     1       1       1       355
625     0       0       0       901
625     1       1       0       883
626     0       1       1       162
626     1       0       1       453
627     0       1       0       484
627     1       1       0       299
628     0       0       1       715
628     1       0       0       568
629     0       0       0       960
629     1       1       1       855
630     0       0       0       916
630     1       0       1       379
631     0       0       1       440
631     1       1       1       876
632     0       1       0       316
632     1       1       0       967
633     0       1       0       209
633     1       1       1       686
634     0       1       1       258
634     1       0       1       570
635     0       0       1       254
635     1       0       0       210
636     0       0       0       671
636     1       0       1       494
637     0       1       0       187
637     1       1       0       996
638     0       1       0       982
638     1       0       0       859
639     0       0       1       71
639     1       0       1       773
640     0       1       1       358
640     1       1       0       430
641     0       0       1       363
641     1       1       0       811
642     0       0       1       199
642     1       0       0       55
643     0       1       0       941
643     1       1       0       40
644     0       1       1       311
644     1       0       1       721
645     0       0       1       449
645     1       1       1       932
646     0       0       0       384
646     1       1       0       267
647     0       1       1       52
647     1       0       0       414
648     0       0       1       661
648     1       0       1       211
649     0       0       1       332
649     1       0       1       559
650     0       0       0       326
650     1       0       0       608
651     0       1       1       876
651     1       1       1       867
652     0       0       1       644
652     1       1       1       819
653     0       0       0       352
653     1       1       0       413
654     0       1       0       206
654     1       1       0       608
655     0       1       0       516
655     1       0       0       526
656     0       1       0       379
656     1       1       1       559
657     0       1       0       935
657     1       1       1       766
658     0       0       0       132
658     1       1       0       200
659     0       1       1       813
659     1       1       0       918
660     0       1       1       104
660     1       0       0       492
661     0       0       1       982
661     1       1       1       553
662     0       1       0       65
662     1       0       1       361
663     0       0       0       147
663     1       1       0       856
664     0       1       0       711
664     1       0       1       225
665     0       1       1       802
665     1       1       0       781
666     0       1       1       49
666     1       1       0       865
667     0       0       1       829
667     1       0       0       357
668     0       0       1       971
668     1       1       1       781
669     0       0       0       778
669     1       0       1       503
670     0       0       1       294
670     1       0       1       392
671     0       0       1       798
671     1       0       0       744
672     0       0       0       585
672     1       1       1       910
673     0       1       1       628
673     1       0       1       98
674     0       1       1       437
674     1       0       0       867
675     0       1       0       928
675     1       1       0       569
676     0       1       0       735
676     1       1       0       523
677     0       0       0       742
677     1       1       0       6
678     0       1       1       990
678     1       1       0       180
679     0       1       1       240
679     1       0       0       891
680     0       1       0       313
680     1       1       1       463
681     0       1       0       364
681     1       1       1       900
682     0       0       0       531
682     1       0       1       254
683     0       1       1       17
683     1       1       0       14
684     0       0       1       755
684     1       0       0       164
685     0       1       0       86
685     1       1       0       317
686     0       0       1       254
686     1       1       1       626
687     0       1       0       974
687     1       1       1       102
688     0       1       0       414
688     1       0       1       404
689     0       0       0       278
689     1       0       1       423
690     0       1       0       469
690     1       1       1       142
691     0       0       0       669
691     1       0       1       130
692     0       1       0       620
692     1       1       1       933
693     0       1       1       777
693     1       0       0       448
694     0       1       0       815
694     1       1       1       435
695     0       0       0       653
695     1       1       0       903
696     0       0       1       750
696     1       1       0       966
697     0       1       0       326
697     1       1       0       939
698     0       1       1       590
698     1       0       1       848
699     0       1       1       946
699     1       0       1       227
700     0       1       0       887
700     1       0       1       601
701     0       1       1       907
701     1       1       0       326
702     0       0       0       185
702     1       1       0       585
703     0       0       1       868
703     1       0       1       808
704     0       1       0       976
704     1       1       1       375
705     0       0       1       583
705     1       1       0       934
706     0       1       0       856
706     1       1       0       67
707     0       0       0       498
707     1       0       1       3
708     0       1       0       94
708     1       1       1       992
709     0       0       1       934
709     1       1       1       542
710     0       1       0       162
710     1       0       1       0
711     0       0       1       940
711     1       0       1       191
712     0       1       0       79
712     1       1       1       544
713     0       0       1       52
713     1       1       0       839
714     0       1       0       392
714     1       0       0       131
715     0       1       1       706
715     1       0       1       757
716     0       1       1       561
716     1       1       1       621
717     0       0       0       639
717     1       1       0       228
718     0       0       1       506
718     1       0       0       755
719     0       1       1       528
719     1       0       0       544
720     0       1       1       388
720     1       1       0       339
721     0       0       0       316
721     1       1       0       280
722     0       0       0       116
722     1       1       0       147
723     0       1       0       64
723     1       0       1       132
724     0       1       1       954
724     1       1       1       885
725     0       0       1       901
725     1       1       1       143
726     0       0       0       491
726     1       0       0       819
727     0       1       1       243
727     1       0       1       44
728     0       0       1       845
728     1       0       1       596
729     0       1       1       18
729     1       0       1       488
730     0       0       1       201
730     1       1       1       30
731     0       1       1       971
731     1       0       1       501
732     0       0       1       954
732     1       1       0       443
733     0       0       1       939
733     1       1       0       727
734     0       0       0       626
734     1       0       0       321
735     0       1       0       562
735     1       0       1       808
736     0       0       1       658
736     1       0       1       386
737     0       1       1       47
737     1       1       0       33
738     0       1       1       221
738     1       1       1       35
739     0       1       0       672
739     1       0       1       721
740     0       0       1       904
740     1       1       0       780
741     0       0       1       929
741     1       1       1       524
742     0       1       0       277
742     1       0       0       368
743     0       1       0       966
743     1       1       0       916
744     0       0       1       312
744     1       1       0       935
745     0       1       0       408
745     1       0       1       859
746     0       1       1       824
746     1       0       1       721
747     0       0       0       915
747     1       1       0       492
748     0       1       1       34
748     1       0       1       118
749     0       1       1       184
749     1       1       1       502
750     0       1       1       382
750     1       1       1       85
751     0       0       1       696
751     1       1       0       408
752     0       0       1       604
752     1       0       1       616
753     0       0       1       637
753     1       0       0       792
754     0       0       1       905
754     1       1       0       254
755     0       1       1       265
755     1       0       0       386
756     0       1       1       947
756     1       0       0       0
757     0       1       0       446
757     1       0       1       860
758     0       1       0       287
758     1       0       0       330
759     0       0       1       593
759     1       0       0       427
760     0       0       1       555
760     1       0       0       723
761     0       1       1       150
761     1       0       1       938
762     0       0       0       116
762     1       1       1       5
763     0       0       0       136
763     1       0       0       83
764     0       1       1       892
764     1       1       1       223
765     0       1       0       382
765     1       0       1       479
766     0       1       0       888
766     1       1       1       432
767     0       1       1       794
767     1       1       0       733
768     0       0       0       667
768     1       0       1       469
769     0       0       0       92
769     1       1       0       266
770     0       1       1       6
770     1       1       1       296
771     0       0       1       730
771     1       1       0       955
772     0       0       1       532
772     1       0       0       229
773     0       0       1       253
773     1       0       1       930
774     0       0       0       992
774     1       0       0       936
775     0       0       0       772
775     1       1       0       51
776     0       0       0       903
776     1       1       0       849
777     0       1       0       426
777     1       0       0       980
778     0       1       1       292
778     1       0       0       52
779     0       0       0       784
779     1       0       0       664
780     0       1       1       884
780     1       0       1       761
781     0       0       1       567
781     1       0       0       596
782     0       1       0       534
782     1       0       0       845
783     0       1       0       6
783     1       0       0       925
784     0       1       0       247
784     1       0       1       241
785     0       1       0       942
785     1       0       0       193
786     0       0       0       505
786     1       0       1       70
787     0       1       1       160
787     1       0       0       979
788     0       1       0       256
788     1       0       0       811
789     0       0       0       644
789     1       1       0       687
790     0       1       0       609
790     1       1       1       393
791     0       0       1       96
791     1       1       0       96
792     0       0       1       31
792     1       1       0       941
793     0       0       1       876
793     1       0       1       237
794     0       1       0       402
794     1       1       0       227
795     0       0       0       599
795     1       0       1       3
796     0       1       1       20
796     1       0       0       808
797     0       1       0       686
797     1       1       0       194
798     0       0       1       825
798     1       0       0       449
799     0       0       1       679
799     1       0       1       763
800     0       1       1       445
800     1       0       1       669
801     0       1       1       620
801     1       0       1       517
802     0       1       1       691
802     1       0       0       785
803     0       1       0       190
803     1       0       0       549
804     0       1       0       593
804     1       1       0       976
805     0       1       1       895
805     1       1       0       89
806     0       0       0       180
806     1       1       0       461
807     0       1       1       555
807     1       1       1       430
808     0       0       0       329
808     1       0       0       820
809     0       1       0       5
809     1       1       0       516
810     0       1       0       367
810     1       1       1       900
811     0       0       0       790
811     1       1       0       615
812     0       0       0       120
812     1       1       0       716
813     0       0       1       809
813     1       0       0       692
814     0       0       1       442
814     1       1       0       159
815     0       0       0       252
815     1       0       1       383
816     0       0       0       131
816     1       0       0       804
817     0       0       1       980
817     1       1       0       967
818     0       0       0       436
818     1       0       1       292
819     0       0       0       388
819     1       1       1       869
820     0       1       1       687
820     1       0       0       244
821     0       1       0       71
821     1       1       1       540
822     0       0       0       976
822     1       1       0       581
823     0       0       0       294
823     1       1       0       352
824     0       1       0       829
824     1       1       1       54
825     0       1       0       589
825     1       0       0       180
826     0       1       0       592
826     1       1       1       452
827     0       1       1       456
827     1       0       0       751
828     0       0       0       701
828     1       1       0       247
829     0       1       0       3
829     1       1       0       642
830     0       1       1       342
830     1       0       0       513
831     0       1       0       491
831     1       0       0       400
832     0       1       0       541
832     1       0       1       47
833     0       0       0       972
833     1       0       1       974
834     0       1       0       472
834     1       0       0       228
835     0       0       1       847
835     1       0       0       639
836     0       1       0       372
836     1       0       0       648
837     0       0       0       532
837     1       1       0       671
838     0       0       1       618
838     1       1       0       934
839     0       0       1       126
839     1       0       1       627
840     0       0       1       605
840     1       0       0       971
841     0       0       1       536
841     1       0       1       592
842     0       0       1       982
842     1       1       1       680
843     0       1       1       194
843     1       0       0       73
844     0       1       0       274
844     1       1       1       293
845     0       0       1       434
845     1       1       0       414
846     0       0       0       21
846     1       1       0       937
847     0       0       0       129
847     1       0       0       613
848     0       1       0       965
848     1       1       1       882
849     0       1       0       901
849     1       0       1       415
850     0       1       0       122
850     1       0       1       313
851     0       1       1       439
851     1       1       0       817
852     0       0       1       369
852     1       1       0       176
853     0       0       0       428
853     1       1       1       426
854     0       0       1       392
854     1       1       1       499
855     0       1       1       853
855     1       0       0       615
856     0       0       1       278
856     1       0       0       935
857     0       0       0       406
857     1       0       0       196
858     0       1       1       542
858     1       1       1       288
859     0       1       0       732
859     1       1       0       147
860     0       0       0       169
860     1       0       0       851
861     0       1       1       226
861     1       1       0       730
862     0       1       0       773
862     1       0       1       634
863     0       1       1       740
863     1       0       0       176
864     0       0       0       615
864     1       1       1       82
865     0       0       0       206
865     1       0       0       852
866     0       1       0       806
866     1       0       0       634
867     0       0       1       428
867     1       1       0       696
868     0       0       0       193
868     1       0       1       770
869     0       1       1       941
869     1       1       0       685
870     0       0       1       337
870     1       0       0       333
871     0       1       1       720
871     1       0       0       428
872     0       0       0       459
872     1       1       1       150
873     0       1       1       80
873     1       1       1       687
874     0       0       0       716
874     1       0       1       162
875     0       1       0       92
875     1       1       1       519
876     0       1       1       140
876     1       0       1       649
877     0       1       0       813
877     1       0       1       437
878     0       1       1       324
878     1       1       0       853
879     0       0       0       276
879     1       0       1       837
880     0       1       0       458
880     1       0       1       171
881     0       0       1       565
881     1       1       0       874
882     0       0       0       967
882     1       1       0       292
883     0       1       1       568
883     1       0       0       685
884     0       1       0       697
884     1       1       1       474
885     0       1       1       578
885     1       1       0       670
886     0       1       0       728
886     1       1       1       598
887     0       1       0       570
887     1       1       1       61
888     0       1       1       477
888     1       0       0       540
889     0       0       0       193
889     1       0       0       545
890     0       1       1       708
890     1       1       1       732
891     0       1       1       546
891     1       0       0       73
892     0       1       1       493
892     1       1       1       278
893     0       1       1       977
893     1       0       1       923
894     0       1       0       373
894     1       0       0       360
895     0       1       1       250
895     1       1       1       638
896     0       0       0       597
896     1       0       0       584
897     0       1       0       806
897     1       1       1       710
898     0       1       0       194
898     1       1       0       167
899     0       1       1       715
899     1       0       0       869
900     0       1       0       633
900     1       1       0       532
901     0       0       0       468
901     1       1       1       94
902     0       0       1       750
902     1       0       0       432
903     0       0       1       690
903     1       1       0       374
904     0       1       0       29
904     1       1       1       77
905     0       0       0       242
905     1       1       1       215
906     0       1       0       224
906     1       1       1       454
907     0       0       0       896
907     1       1       0       21
908     0       0       0       721
908     1       1       1       24
909     0       0       0       56
909     1       0       1       880
910     0       0       0       970
910     1       1       1       798
911     0       1       0       121
911     1       1       1       487
912     0       1       0       895
912     1       0       0       882
913     0       1       0       836
913     1       0       1       291
914     0       0       0       87
914     1       0       0       347
915     0       0       0       689
915     1       0       0       193
916     0       1       0       982
916     1       0       0       159
917     0       0       1       189
917     1       1       0       394
918     0       0       0       696
918     1       0       1       877
919     0       0       0       940
919     1       1       0       618
920     0       0       0       280
920     1       0       0       609
921     0       0       0       370
921     1       0       1       656
922     0       1       0       338
922     1       1       0       172
923     0       0       0       163
923     1       1       0       162
924     0       1       0       354
924     1       0       0       251
925     0       1       1       404
925     1       0       0       171
926     0       1       1       197
926     1       0       0       956
927     0       1       0       138
927     1       1       0       61
928     0       1       0       609
928     1       0       0       74
929     0       1       0       353
929     1       1       1       423
930     0       0       0       541
930     1       0       1       195
931     0       1       0       561
931     1       1       1       826
932     0       0       0       393
932     1       0       0       27
933     0       0       1       606
933     1       0       0       149
934     0       0       1       118
934     1       0       1       312
935     0       1       1       405
935     1       0       0       821
936     0       0       1       858
936     1       0       1       112
937     0       0       0       65
937     1       0       0       68
938     0       0       0       926
938     1       0       1       870
939     0       1       0       633
939     1       0       1       839
940     0       1       0       959
940     1       1       1       205
941     0       0       1       570
941     1       0       0       674
942     0       1       1       395
942     1       1       0       302
943     0       0       1       29
943     1       0       0       821
944     0       0       0       625
944     1       0       0       582
945     0       1       1       51
945     1       0       0       698
946     0       1       0       898
946     1       0       1       389
947     0       0       1       819
947     1       0       0       669
948     0       1       0       43
948     1       0       1       12
949     0       1       0       897
949     1       0       0       540
950     0       0       1       105
950     1       1       1       689
951     0       1       1       568
951     1       1       1       569
952     0       1       0       130
952     1       0       1       393
953     0       1       0       129
953     1       0       0       482
954     0       1       1       28
954     1       0       0       530
955     0       1       1       873
955     1       1       0       632
956     0       0       1       609
956     1       1       1       572
957     0       1       1       120
957     1       0       1       74
958     0       0       1       196
958     1       1       0       261
959     0       1       0       327
959     1       1       0       681
960     0       1       1       914
960     1       1       0       590
961     0       1       1       403
961     1       0       1       791
962     0       0       0       129
962     1       0       1       921
963     0       0       0       523
963     1       1       1       722
964     0       1       1       226
964     1       0       0       698
965     0       0       0       488
965     1       1       0       548
966     0       1       1       822
966     1       0       0       945
967     0       1       1       962
967     1       1       1       5
968     0       0       0       329
968     1       0       0       517
969     0       1       1       63
969     1       0       1       691
970     0       1       1       945
970     1       0       1       219
971     0       1       1       880
971     1       0       1       297
972     0       1       1       308
972     1       1       0       644
973     0       0       0       283
973     1       1       1       643
974     0       1       1       623
974     1       0       1       638
975     0       1       1       110
975     1       1       1       371
976     0       1       0       737
976     1       0       0       540
977     0       0       1       770
977     1       1       1       75
978     0       1       1       700
978     1       1       1       333
979     0       1       1       37
979     1       0       1       814
980     0       1       0       826
980     1       0       1       712
981     0       1       0       154
981     1       0       1       42
982     0       0       0       77
982     1       1       0       427
983     0       0       0       648
983     1       0       0       914
984     0       1       0       649
984     1       0       1       225
985     0       0       0       473
985     1       0       0       241
986     0       0       1       190
986     1       1       0       356
987     0       0       0       803
987     1       0       0       861
988     0       0       0       55
988     1       0       1       742
989     0       1       0       424
989     1       0       0       999
990     0       0       1       986
990     1       0       0       56
991     0       1       1       863
991     1       1       1       640
992     0       0       0       994
992     1       1       0       130
993     0       1       1       633
993     1       0       0       197
994     0       1       0       35
994     1       0       0       415
995     0       1       0       220
995     1       0       1       247
996     0       0       0       743
996     1       0       0       607
997     0       1       1       419
997     1       1       1       604
998     0       0       1       384
998     1       1       1       672
999     0       0       0       813
999     1       1       0       554
1000    0       1       0       456
1000    1       1       0       894

Fitness Score       : 2779.2156
Halted              : T
Sigma               : 10
Shifts              : 77
Last State          : 0
Last Position       : -17
Length Traversed    : 19
Avg Block Size      : 1.6666666
Max Block Size      : 3
Condensed Tape: (1 3 1 2 1 2)
**************************************************
