
******** Search completed in 170.263 secs ********

Population size  : 200
Generations      : 20
Mutation Rate    : 1/5
Machine States   : 1000
Shift Limit      : 1000
Fitness weights: 
  Weight a   : 1/50
  Weight b   : 1/20
  Weight c   : 1/50
  Weight d   : 1/30
  Weight e   : 1200
  Weight f   : 1/50
  Weight g   : 1/30
  Weight h   : 1
  Weight i   : 700

**************************************************


******************* best fit *********************
Machine #: (0 0 205 1 1 64 0 0 780 1 1 521 0 1 121 0 1 790 1 0 884 1 0 704 0 0 370 1 0 366
 1 0 702 0 1 785 0 1 807 0 1 447 0 1 299 1 0 736 1 0 56 1 0 577 0 0 127 1 0 63
 1 1 423 1 0 669 0 0 820 1 0 181 0 1 368 1 0 992 1 0 249 1 0 855 1 0 343 1 1
 158 0 0 628 1 0 60 1 1 56 1 0 238 0 1 242 0 1 2 0 0 351 0 0 79 1 0 332 1 0 150
 0 1 680 1 0 991 1 1 954 1 0 921 0 1 705 1 1 641 0 1 117 0 1 348 1 0 707 1 1
 978 0 0 392 0 0 83 1 1 101 0 0 819 1 0 96 0 0 52 1 1 141 0 1 387 1 0 384 0 0
 673 0 1 502 0 0 648 0 0 152 0 1 715 0 1 53 1 0 784 1 0 547 1 0 450 1 1 51 1 1
 830 0 0 653 1 1 287 0 0 882 0 0 645 0 1 706 1 0 937 0 0 81 0 1 522 1 0 907 0 0
 668 0 1 546 1 1 209 1 0 964 0 0 166 0 0 794 1 0 194 1 0 449 0 1 521 1 1 972 1
 1 112 0 0 326 1 0 117 1 0 828 1 0 516 1 1 417 0 0 291 0 0 951 1 0 294 0 0 174
 1 0 452 1 0 359 1 1 849 1 0 505 0 0 424 1 1 921 1 1 502 1 1 701 1 0 880 0 0
 281 1 0 762 1 1 311 1 1 278 1 1 342 1 0 759 0 1 570 1 1 616 1 1 961 0 0 186 0
 0 340 0 1 645 0 1 118 0 1 395 1 1 420 1 1 320 0 1 864 1 0 825 1 1 625 0 1 663
 1 0 840 1 1 719 0 1 839 0 0 640 1 1 27 1 1 15 0 1 547 1 0 406 0 1 70 1 1 860 1
 0 307 1 1 317 1 0 612 0 1 498 1 0 474 1 0 558 0 1 140 1 1 756 0 1 765 0 0 389
 0 1 218 1 1 184 1 1 57 1 0 444 1 0 240 1 0 732 1 0 605 1 1 580 0 0 268 1 1 46
 0 1 968 1 1 879 1 1 102 0 0 332 1 0 341 1 1 72 1 0 332 1 0 753 0 1 506 0 1 331
 1 1 34 1 0 390 1 1 272 0 0 47 0 1 300 1 1 48 1 0 582 0 0 69 0 0 989 1 0 571 1
 1 858 1 0 338 0 1 879 1 1 590 0 1 831 0 1 301 0 0 918 0 0 575 1 0 657 1 0 642
 0 0 836 1 1 839 0 1 683 0 0 718 1 1 506 0 0 59 1 0 866 0 1 236 1 1 274 1 1 502
 0 0 825 0 0 436 1 1 184 0 1 299 1 1 367 0 1 572 1 0 21 0 1 373 1 0 971 1 1 394
 1 0 189 0 1 192 1 1 619 1 1 893 1 1 125 0 1 748 1 0 823 0 1 372 0 0 462 0 1
 470 1 1 645 0 1 864 0 0 346 1 0 329 0 1 789 0 0 865 0 0 414 0 1 708 1 1 250 1
 0 32 0 0 11 0 0 271 0 0 941 0 0 952 1 0 324 0 1 367 0 0 265 1 0 629 1 1 581 0
 1 910 1 1 903 0 0 222 1 1 574 0 0 194 1 0 811 0 1 90 0 0 641 0 1 491 0 1 250 0
 0 62 0 1 864 1 1 995 1 0 609 1 1 608 0 1 936 0 1 833 0 1 705 1 1 977 1 1 355 1
 1 474 1 0 707 1 1 210 0 0 567 0 0 670 1 0 392 0 1 214 0 1 327 1 0 421 1 1 840
 1 0 814 0 0 717 0 1 859 0 0 724 0 0 372 1 1 398 0 1 790 0 1 542 0 0 911 1 1
 513 1 0 200 0 0 356 1 0 165 0 0 667 0 0 901 1 0 316 1 1 920 0 1 523 0 0 538 1
 1 74 0 1 483 1 1 848 0 1 402 0 1 893 0 0 778 0 1 38 1 1 92 0 1 217 1 1 773 0 0
 617 0 1 926 0 1 393 0 1 620 0 0 454 0 0 661 1 0 444 0 0 875 1 0 962 1 0 353 0
 0 132 0 0 761 0 0 103 0 0 727 0 1 843 0 0 812 0 0 400 1 0 112 0 1 885 0 0 88 0
 1 572 0 0 940 0 0 211 1 0 393 1 0 767 0 0 358 1 0 37 0 1 181 0 0 432 1 0 202 1
 0 172 0 1 886 1 0 975 0 0 366 0 0 51 1 1 205 1 1 339 1 1 28 0 1 362 0 1 110 0
 0 159 0 1 412 0 0 835 0 0 700 0 1 636 1 1 307 1 0 941 1 1 138 0 0 35 0 1 195 1
 0 839 1 0 103 0 1 221 1 1 627 1 0 923 1 1 140 0 0 978 1 1 222 1 0 161 1 1 48 0
 0 810 1 1 619 0 1 99 0 1 943 0 1 580 0 1 739 0 1 6 1 0 495 1 0 924 0 1 255 1 1
 539 1 1 633 0 0 97 0 1 65 1 1 991 1 1 407 1 0 758 1 0 891 0 0 86 1 1 918 1 0
 632 1 0 749 0 1 961 1 1 231 1 1 195 0 1 817 0 0 839 1 1 175 1 0 450 1 1 861 1
 0 607 0 1 426 0 0 430 0 0 949 0 1 906 1 0 988 1 1 992 0 0 384 1 1 266 0 0 983
 0 1 973 0 0 149 1 1 298 1 1 272 0 1 31 0 0 779 0 1 598 0 0 86 1 0 128 0 1 132
 1 1 417 0 1 464 0 0 974 1 1 535 0 0 571 0 1 983 1 0 420 0 0 539 1 0 76 1 0 317
 1 0 941 0 0 417 0 1 719 0 1 40 1 0 400 0 0 310 1 1 18 0 1 125 1 1 24 1 0 735 0
 0 172 1 0 849 1 1 984 0 0 535 1 1 506 0 0 764 0 0 913 0 1 948 1 0 39 1 0 60 0
 0 443 0 1 2 1 0 332 0 1 437 0 1 946 0 0 950 1 0 322 1 0 860 0 1 649 1 0 985 1
 1 455 1 0 868 0 1 892 1 1 737 1 1 845 0 0 823 1 1 584 1 1 799 0 0 291 1 0 959
 1 0 201 1 0 735 1 0 709 1 0 402 1 1 608 0 0 44 0 1 777 0 1 192 1 1 460 1 0 912
 1 1 100 1 0 725 0 1 332 1 1 630 0 0 392 1 1 768 1 1 824 1 0 167 1 0 536 0 0
 609 1 1 471 0 0 836 1 0 242 1 0 112 0 1 284 1 1 529 0 1 739 1 1 236 0 1 89 0 1
 195 0 1 652 0 1 827 1 1 348 1 1 449 1 1 876 0 0 225 1 1 581 0 0 805 0 1 801 1
 1 386 0 1 512 0 0 686 0 1 190 0 1 118 0 0 819 0 0 61 1 1 30 0 0 998 0 1 147 1
 0 918 1 1 926 0 0 691 0 1 725 1 0 508 0 1 881 0 0 498 0 0 110 0 1 333 0 0 755
 0 1 563 0 0 428 0 1 320 1 0 170 0 1 564 1 0 144 1 1 59 0 0 83 1 0 782 1 1 168
 0 1 711 1 0 990 0 1 885 1 0 124 0 0 41 1 1 399 1 1 826 1 0 664 1 0 888 1 1 756
 0 0 851 1 0 5 0 0 683 1 1 621 1 1 646 1 1 960 0 1 471 0 1 161 1 0 813 0 0 372
 1 0 509 1 1 350 0 0 452 0 0 699 1 1 867 1 0 927 0 0 327 1 0 438 1 0 34 1 1 43
 1 1 895 1 1 686 0 0 995 1 0 298 0 0 252 0 1 544 0 0 359 0 0 318 0 1 259 1 1 50
 0 0 465 1 0 964 1 0 591 1 1 287 1 0 503 0 0 244 1 1 451 1 1 733 1 0 885 1 1
 727 0 0 784 1 0 465 0 1 863 0 0 988 1 0 555 0 1 800 1 0 100 1 0 378 1 0 213 0
 1 824 1 0 292 1 1 682 0 0 851 1 1 411 1 0 541 1 1 0 1 1 896 1 0 296 0 1 563 0
 0 940 1 0 860 0 0 242 1 0 649 0 0 152 1 0 194 1 1 574 0 0 406 0 1 290 0 0 834
 0 0 527 0 1 103 0 1 753 0 1 113 1 1 752 1 0 383 1 1 714 0 0 122 1 1 902 0 1
 221 1 1 381 1 0 990 1 1 184 0 0 391 0 1 967 1 1 355 1 0 374 1 1 522 0 1 823 1
 1 889 0 0 736 1 1 428 0 1 242 0 1 156 1 1 321 1 0 249 1 1 676 0 0 341 1 0 798
 1 1 789 1 1 187 0 1 563 1 0 257 1 0 477 1 1 78 0 0 867 1 1 236 0 0 335 0 1 703
 1 0 17 1 1 357 0 0 329 1 1 255 0 0 968 1 1 653 1 0 590 1 0 180 1 0 553 0 0 238
 1 0 153 0 0 334 0 0 230 0 0 217 1 0 996 0 0 544 1 0 961 0 1 555 1 1 110 1 0
 979 0 0 776 0 0 211 0 0 550 1 0 212 1 1 419 1 0 391 0 1 257 0 1 254 0 0 380 0
 0 215 1 1 488 0 1 673 1 1 689 0 1 617 1 1 301 0 1 714 1 1 67 1 1 496 0 1 921 0
 1 882 0 0 276 0 0 60 1 0 473 0 0 125 0 1 251 1 0 487 1 0 243 1 0 464 0 0 809 0
 0 304 0 1 173 0 0 289 1 0 526 0 1 978 1 0 30 1 0 578 0 1 724 1 0 421 0 0 591 0
 1 143 1 0 228 0 1 913 0 1 769 0 0 654 1 1 12 1 1 935 1 1 714 1 1 140 1 1 577 1
 1 553 0 1 979 1 1 669 0 0 557 0 0 994 1 0 82 1 0 308 1 0 558 0 1 801 1 1 12 0
 1 517 0 1 221 0 0 125 0 0 483 0 0 883 1 0 623 0 0 76 0 1 924 1 0 747 1 1 566 1
 0 390 1 0 275 0 1 210 0 0 774 1 1 481 1 1 753 1 1 859 1 1 469 0 1 10 1 1 285 0
 0 90 1 0 677 1 1 196 1 1 668 1 0 330 0 0 319 1 0 427 0 0 7 1 0 157 0 1 183 1 1
 288 1 0 241 1 0 776 1 0 956 0 1 482 1 0 551 1 1 252 0 1 972 1 0 166 0 0 356 0
 0 909 1 1 561 1 1 329 0 1 355 0 1 716 0 1 375 1 1 215 0 0 634 0 0 835 0 0 812
 0 0 884 0 0 738 0 0 91 0 0 926 1 1 738 0 1 113 1 1 195 1 0 714 1 1 263 0 0 812
 0 1 311 1 1 863 0 0 289 0 1 506 0 1 197 0 1 545 1 0 384 1 1 770 0 1 428 1 1
 271 1 1 950 0 1 410 1 1 264 0 0 349 0 1 478 0 1 273 1 1 390 0 1 41 0 0 548 0 1
 223 1 0 919 0 1 378 0 0 584 0 1 994 0 1 765 0 1 594 1 0 282 0 0 416 0 1 164 1
 0 107 1 0 782 0 0 696 1 1 810 1 1 480 1 1 98 1 0 72 1 1 670 1 1 129 1 1 946 1
 0 890 1 0 689 1 1 882 1 1 172 0 1 838 0 1 27 0 1 718 0 1 12 1 0 66 1 0 724 0 0
 432 1 0 838 1 1 710 0 0 149 1 1 130 1 0 108 0 1 228 0 1 440 1 1 219 1 1 298 0
 0 972 0 0 910 0 0 809 1 0 79 0 1 480 0 0 776 1 1 374 1 0 285 1 0 903 1 1 352 0
 0 266 1 0 745 1 1 967 0 1 844 0 1 595 1 1 150 0 0 754 1 0 573 0 1 329 1 1 461
 0 0 252 1 0 67 1 0 62 1 0 261 0 1 439 0 1 487 1 0 889 0 1 998 1 0 522 0 1 805
 1 0 571 1 1 848 0 0 668 0 1 522 0 0 704 1 0 513 1 1 32 1 0 72 1 0 287 1 1 491
 1 0 226 1 1 95 0 0 82 1 1 763 1 0 220 1 1 405 1 0 361 1 1 239 1 0 690 1 0 605
 0 1 16 1 0 176 0 0 610 1 0 858 1 0 707 1 1 987 0 1 73 1 0 77 1 0 887 0 1 838 1
 0 212 1 0 681 0 0 738 0 1 337 1 0 606 1 1 307 0 1 628 1 1 752 0 0 290 0 0 549
 1 0 714 0 1 971 0 0 153 0 1 3 1 0 479 1 1 988 0 0 610 1 1 359 0 1 281 1 0 842
 1 0 892 1 1 97 0 0 683 0 1 143 1 1 149 1 0 398 1 0 855 1 0 180 1 1 673 1 1 518
 0 0 429 0 1 45 0 0 718 0 1 727 0 0 19 1 0 76 0 1 140 0 1 473 0 0 118 0 0 593 1
 0 238 1 1 368 0 0 656 0 1 739 0 1 827 0 0 394 0 1 813 1 1 656 0 0 237 0 1 95 1
 0 996 1 0 613 1 1 784 0 0 133 1 1 604 0 1 300 1 1 461 1 0 696 1 1 784 1 1 286
 1 0 32 1 0 835 0 1 425 1 0 234 0 1 898 0 0 133 1 1 332 1 0 856 0 0 351 0 0 41
 1 1 390 1 0 924 1 0 147 1 0 285 1 0 107 0 0 780 0 1 857 1 1 4 1 1 511 1 1 744
 1 1 531 1 1 951 0 1 986 0 0 495 1 0 561 1 1 896 0 0 871 0 0 277 0 0 77 1 0 389
 1 1 759 1 0 331 0 0 37 1 1 170 0 0 455 1 0 332 1 0 936 1 1 654 0 0 317 0 1 484
 1 0 510 0 1 285 1 0 700 1 0 283 1 0 111 0 0 43 1 0 732 1 0 264 1 0 743 1 1 860
 1 1 511 0 1 880 1 1 243 0 1 425 0 1 914 1 1 920 0 1 345 1 0 666 1 0 304 1 0
 417 1 1 67 1 0 395 1 1 403 0 1 471 1 0 593 0 0 521 0 1 591 0 1 652 1 0 466 1 0
 354 1 0 713 0 1 833 0 0 343 1 1 566 1 0 144 1 0 130 1 0 129 0 1 231 0 0 391 1
 0 510 1 1 450 1 0 228 0 1 625 1 1 190 1 1 611 1 0 173 1 0 398 1 0 29 1 0 525 0
 0 868 1 0 194 0 0 904 1 1 599 0 0 723 0 1 530 1 1 29 1 0 651 1 1 257 0 0 815 0
 0 427 1 0 657 1 0 360 0 1 192 0 1 267 0 0 123 0 0 565 0 1 437 0 0 145 0 1 434
 0 0 95 1 0 334 0 0 823 1 0 276 1 0 690 1 0 473 1 0 932 1 0 507 0 1 652 1 0 81
 1 0 498 0 1 726 1 1 292 1 0 646 0 0 309 0 0 908 0 1 245 0 0 317 1 1 905 1 1
 852 0 0 971 1 0 557 0 1 100 1 1 869 1 0 612 1 0 79 1 1 121 0 0 611 1 1 893 1 0
 652 0 1 267 0 1 356 1 1 106 1 0 434 1 0 944 0 1 624 1 0 793 1 0 919 1 0 653 0
 0 389 1 0 934 1 0 17 0 0 575 1 1 450 1 1 20 0 0 895 0 0 892 1 0 246 0 0 876 1
 1 171 1 0 281 0 0 633 1 1 1 1 1 693 0 0 848 1 1 213 1 0 742 0 0 573 1 1 205 0
 0 866 0 0 701 0 1 51 0 0 498 1 1 698 1 0 178 0 1 602 1 0 82 0 1 673 1 0 443 0
 0 679 1 1 416 1 1 965 0 0 786 0 0 359 0 0 534 0 1 814 0 1 610 0 0 149 0 0 822
 0 1 871 1 0 768 0 1 773 1 0 467 1 1 927 1 1 582 0 0 207 0 0 772 0 1 626 1 0
 885 1 0 984 0 1 644 0 0 561 0 0 228 0 1 613 1 1 404 1 1 890 1 1 964 1 0 264 0
 1 120 0 1 768 1 1 236 0 1 353 1 0 675 0 0 219 1 0 113 1 0 647 1 1 162 1 1 500
 1 0 95 0 1 467 1 0 434 1 0 605 0 0 159 0 0 331 1 0 142 0 0 129 0 0 52 0 0 750
 0 0 728 1 0 378 1 1 132 1 0 486 0 1 534 0 0 514 0 1 678 1 1 494 0 1 78 0 0 873
 1 1 816 1 0 72 1 1 224 0 1 169 0 0 623 0 0 216 0 1 10 0 0 311 1 0 480 1 1 120
 1 1 872 1 0 125 0 1 573 0 1 513 0 1 630 1 0 578 0 0 911 1 1 716 0 0 311 0 0
 923 0 0 584 0 1 652 1 1 433 0 0 33 1 0 187 0 1 817 1 0 520 1 0 556 1 0 780 1 0
 875 0 1 488 1 1 875 1 0 748 0 1 969 0 0 894 1 1 831 1 1 23 0 1 811 0 0 962 0 0
 585 0 1 285 0 0 312 1 1 249 0 1 969 1 1 35 0 0 965 0 1 714 0 1 375 0 1 490 1 0
 942 1 1 996 1 0 835 1 1 365 1 0 122 0 0 209 0 1 72 0 1 77 1 1 256 1 1 697 0 0
 872 0 1 954 0 0 914 0 1 652 0 1 299 0 0 894 1 1 829 0 0 272 0 1 944 1 0 433 1
 1 100 0 0 890 1 1 72 1 1 381 0 0 759 1 0 260 0 0 488 0 0 682 1 1 850 0 0 688 1
 1 392 0 1 675 0 1 985 1 0 21 1 0 903 0 0 673 1 0 249 1 0 482 0 1 493 0 1 244 0
 1 182 0 1 173 1 0 623 1 0 891 1 0 718 0 0 313 1 0 874 1 1 96 1 0 676 0 0 38 1
 0 438 0 1 108 1 0 531 1 0 593 1 0 880 1 0 757 1 1 588 0 0 223 1 0 784 1 1 398
 1 0 595 0 1 823 0 1 919 0 0 347 0 0 643 1 0 68 1 0 852 0 1 183 1 0 970 1 1 852
 1 0 821 0 1 437 1 1 947 0 1 625 0 1 188 1 0 848 1 1 812 0 0 571 0 0 975 1 1
 462 0 0 698 1 0 960 0 0 465 1 1 90 0 1 722 1 0 358 0 0 656 0 1 59 0 0 180 0 0
 733 0 1 593 0 1 742 1 0 348 1 0 544 1 0 181 1 1 299 1 1 792 0 0 766 1 1 412 0
 0 606 0 0 357 0 1 269 1 0 317 0 0 306 0 1 293 1 0 728 0 0 242 0 1 128 1 1 253
 1 0 406 0 0 670 0 0 58 1 0 849 1 0 155 0 1 367 1 1 472 1 1 768 0 0 653 1 0 300
 1 0 917 1 0 319 1 1 224 0 0 340 0 0 159 1 0 497 0 0 627 1 0 68 1 0 838 1 1 431
 1 0 888 0 0 253 1 1 697 1 1 235 1 1 695 1 0 708 0 0 168 1 0 80 1 1 924 1 1 749
 1 1 340 1 0 909 0 1 949 1 1 687 1 1 18 0 0 329 0 0 769 0 1 457 0 1 402 0 1 262
 1 1 749 1 1 468 0 1 395 1 0 599 1 1 771 0 1 16 1 0 151 1 1 766 0 1 257 0 0 853
 1 1 639 1 1 8 0 1 917 1 0 498 0 1 430 1 1 74 1 0 366 1 1 793 1 0 2 0 1 518 1 0
 446 1 0 576 0 1 453 1 1 823 0 1 229 0 0 384 0 1 951 1 1 731 1 1 281 1 0 842 1
 0 371 1 0 523 1 0 268 1 1 502 0 0 202 1 1 279 0 1 226 1 1 724 1 1 557 0 0 560
 1 0 831 1 1 89 1 0 232 0 1 838 1 1 236 0 0 361 0 0 795 1 0 751 1 0 246 1 0 951
 0 1 422 1 1 296 0 1 952 0 1 634 0 0 317 0 0 377 0 0 436 1 0 874 0 0 554 0 1
 472 1 0 362 1 1 800 1 0 145 1 0 819 0 1 325 0 0 569 1 1 772 1 1 379 1 1 120 1
 1 790 0 1 604 1 1 430 0 0 842 1 0 197 1 1 743 1 1 119 1 0 428 0 0 334 1 0 914
 0 0 763 1 0 831 0 1 328 1 1 495 1 0 293 1 0 762 1 0 61 0 1 261 1 0 723 1 1 234
 0 1 71 1 0 562 0 0 80 0 0 332 1 1 725 1 1 96 0 1 352 0 1 17 0 1 123 1 1 809 0
 0 99 0 0 558 0 0 708 0 0 274 0 0 284 0 0 403 0 0 219 1 1 483 0 1 700 1 1 636 1
 0 62 1 1 966 0 0 518 0 1 658 1 1 354 0 0 880 0 1 476 0 1 586 0 1 645 1 0 655 1
 1 377 0 1 791 1 1 182 1 1 539 0 1 427 1 1 680 0 0 62 0 1 659 0 1 581 1 1 7 0 1
 534 0 0 809 0 1 181 1 0 289 0 1 104 0 0 305 0 1 321 0 1 401 0 1 82 1 0 175 0 0
 952 0 1 760 1 0 964 1 0 459 0 0 91 1 1 854 1 1 374 1 1 277 1 0 373 1 1 192 1 1
 58 1 1 300 1 0 548 1 0 79 1 1 687 1 1 826 0 1 229 0 1 598 0 1 933 0 1 681 1 0
 498 1 0 83 0 0 706 1 0 166 1 1 867 0 0 579 1 1 98 1 0 159 0 1 724 0 1 11 1 1
 777 1 1 762 0 0 237 0 0 662 0 0 823 1 0 526 0 1 362 0 0 18 1 1 982 1 0 928 1 0
 105 1 1 515 0 0 700 1 0 135 1 1 291 0 1 195 0 1 846 1 1 46 0 0 141 1 0 31 0 1
 290 1 1 817 0 0 830 1 0 659 1 0 79 1 0 479 0 1 1 0 1 314 1 0 84 0 1 828 1 0
 181 0 1 736 1 0 866 1 1 156 0 0 835 0 1 412 0 0 784 1 0 979 1 1 103 1 0 252 1
 0 306 1 1 59 1 0 337 1 1 423 0 0 837 1 1 818 1 0 379 1 1 506 1 0 231 1 1 137 1
 0 989 1 0 358 0 1 736 1 0 20 0 0 883 1 0 155 1 0 592 1 1 415 0 1 864 1 0 650 1
 0 648 0 1 914 1 0 248 1 0 472 0 0 892 0 1 113 1 0 668 1 1 868 0 1 863 1 1 886
 0 0 751 0 0 162 1 0 473 0 1 134 0 0 433 0 1 318 1 0 163 1 1 713 0 0 858 1 1
 689 0 1 562 1 0 83 1 0 149 1 1 574 0 0 158 0 1 362 1 1 50 1 0 977 1 0 514 1 0
 551 1 1 593 1 1 496 0 0 414 0 1 244 0 0 562 0 1 793 0 0 996 1 0 192 0 1 152 0
 1 937 0 0 539 0 0 958 1 0 984 1 1 190 0 0 742 0 1 297 0 1 515 0 0 940 0 1 251
 1 1 519 0 0 80 0 1 428 1 0 918 1 0 613 1 1 12 0 0 769 1 1 487 0 1 6 1 1 93 1 0
 217 1 1 838 1 1 337 1 0 897 1 0 345 0 1 460 1 0 828 0 1 34 0 0 914 1 1 678 1 0
 759 0 0 946 0 0 87 1 1 842 1 0 39 1 0 517 1 0 230 1 0 398 0 0 613 0 1 827 1 1
 897 1 1 213 1 1 471 1 1 538 1 1 351 0 1 973 0 0 251 1 0 187 1 1 768 0 0 49 0 0
 483 0 0 575 1 0 771 1 1 787 1 0 83 0 0 375 1 1 702 0 0 291 1 0 754 1 0 428 1 1
 719 0 0 334 0 1 519 1 0 870 0 1 286 1 0 572 1 0 123 1 0 994 0 0 468 1 0 736 1
 0 578 1 0 423 1 1 267 1 1 7 0 1 491 1 1 236 0 1 334 0 1 818 1 1 965 0 1 928 1
 0 371 1 0 382 1 0 279 1 1 155 1 0 932 1 1 529 0 1 765 1 0 734 0 0 309 0 1 461
 0 1 717 1 0 825 1 0 98 1 0 242 0 1 884 0 0 585 1 1 883 1 0 11 1 0 582 1 0 686
 0 1 843 0 0 244 1 0 793 1 1 657 1 0 736 0 1 180 1 1 200 1 1 709 1 0 81 1 0 233
 1 0 409 1 0 894 0 0 185 1 0 547 0 0 831 1 1 732 0 0 147 0 1 491 1 1 462 1 0
 380 1 1 228 0 0 251 0 0 348 1 0 952 1 0 417 0 1 259 0 1 140 0 0 288 0 0 710 0
 1 486 0 0 491 0 1 963 0 0 654 1 0 369 0 0 375 1 0 556 1 0 531 1 0 113 1 0 463
 1 0 845 0 1 35 1 0 960 1 0 179 0 1 564 1 1 537 1 0 162 0 0 702 0 0 573 0 1 703
 0 0 526 1 1 704 1 1 122 0 0 542 1 0 883 0 1 531 1 1 420 1 0 96 1 0 499 1 1 971
 0 0 75 1 1 260 1 0 754 0 1 973 0 1 601 1 1 959 1 0 697 1 0 885 0 1 866 1 0 791
 1 0 854 1 0 576 0 0 721 1 0 495 1 0 197 0 0 657 1 1 566 1 1 985 0 0 728 0 0
 140 1 0 757 0 0 300 1 1 10 1 0 682 0 0 85 1 1 784 1 1 804 0 0 757 1 1 508 1 0
 399 0 0 12 1 1 457 0 0 150 0 0 708 0 1 894 0 0 991 1 1 536 1 0 608 0 1 655 1 0
 111 0 1 908 1 0 769 0 0 59 1 1 246 1 1 297 0 0 825 0 0 424 0 0 368 0 1 432 0 1
 372 0 0 514 0 0 210 0 1 209 1 0 508 0 1 827 1 0 832 1 1 173 1 1 339 0 0 45 0 0
 672 0 1 389 1 0 97 1 0 940 0 1 358 0 0 678 0 0 478 0 1 809 1 1 183 1 1 844 1 1
 64 1 0 813 0 1 740 0 1 848 1 1 607 0 1 582 1 0 133 0 0 725 1 0 922 1 0 995 1 1
 139 1 1 306 1 0 533 0 1 814 1 0 715 1 0 398 0 0 926 0 0 233 1 0 434 0 0 320 0
 0 799 0 0 163 0 0 745 1 0 717 1 1 730 1 0 66 0 1 794 0 0 165 0 1 322 1 1 559 0
 1 1 0 0 30 1 1 407 1 0 861 1 1 877 0 1 772 0 0 17 0 0 485 0 1 862 0 0 514 1 0
 318 1 1 841 1 1 6 1 0 760 0 1 826 0 1 574 0 1 430 1 0 616 0 0 9 1 1 570 0 0
 216 0 0 155 0 0 708 0 1 200 1 1 789 0 0 906 1 0 801 0 1 795 1 0 264 1 0 847 1
 0 722 1 0 102 0 1 153 1 1 983 1 0 553 0 1 860 0 0 630 1 1 52 1 1 82 0 1 64 0 0
 846 0 0 836 0 1 926 0 0 25 1 1 141 0 1 145 1 1 813 0 0 266 0 1 986 0 1 945 0 1
 6 1 0 724 1 1 254 1 0 763 1 1 106 1 0 862 0 0 625 0 1 802 0 1 856 1 1 938 1 1
 162 0 0 241 0 1 510 0 0 495 0 1 547 0 1 693 0 0 554 1 1 412 0 0 993 0 1 408 1
 0 796 1 1 634 0 0 540 1 1 891 1 1 691 0 0 876 1 0 518 0 0 414)
States: 1000

State   Read    Write   Move    Next-State
1       0       0       0       205
1       1       1       1       64
2       0       0       0       780
2       1       1       1       521
3       0       0       1       121
3       1       0       1       790
4       0       1       0       884
4       1       1       0       704
5       0       0       0       370
5       1       1       0       366
6       0       1       0       702
6       1       0       1       785
7       0       0       1       807
7       1       0       1       447
8       0       0       1       299
8       1       1       0       736
9       0       1       0       56
9       1       1       0       577
10      0       0       0       127
10      1       1       0       63
11      0       1       1       423
11      1       1       0       669
12      0       0       0       820
12      1       1       0       181
13      0       0       1       368
13      1       1       0       992
14      0       1       0       249
14      1       1       0       855
15      0       1       0       343
15      1       1       1       158
16      0       0       0       628
16      1       1       0       60
17      0       1       1       56
17      1       1       0       238
18      0       0       1       242
18      1       0       1       2
19      0       0       0       351
19      1       0       0       79
20      0       1       0       332
20      1       1       0       150
21      0       0       1       680
21      1       1       0       991
22      0       1       1       954
22      1       1       0       921
23      0       0       1       705
23      1       1       1       641
24      0       0       1       117
24      1       0       1       348
25      0       1       0       707
25      1       1       1       978
26      0       0       0       392
26      1       0       0       83
27      0       1       1       101
27      1       0       0       819
28      0       1       0       96
28      1       0       0       52
29      0       1       1       141
29      1       0       1       387
30      0       1       0       384
30      1       0       0       673
31      0       0       1       502
31      1       0       0       648
32      0       0       0       152
32      1       0       1       715
33      0       0       1       53
33      1       1       0       784
34      0       1       0       547
34      1       1       0       450
35      0       1       1       51
35      1       1       1       830
36      0       0       0       653
36      1       1       1       287
37      0       0       0       882
37      1       0       0       645
38      0       0       1       706
38      1       1       0       937
39      0       0       0       81
39      1       0       1       522
40      0       1       0       907
40      1       0       0       668
41      0       0       1       546
41      1       1       1       209
42      0       1       0       964
42      1       0       0       166
43      0       0       0       794
43      1       1       0       194
44      0       1       0       449
44      1       0       1       521
45      0       1       1       972
45      1       1       1       112
46      0       0       0       326
46      1       1       0       117
47      0       1       0       828
47      1       1       0       516
48      0       1       1       417
48      1       0       0       291
49      0       0       0       951
49      1       1       0       294
50      0       0       0       174
50      1       1       0       452
51      0       1       0       359
51      1       1       1       849
52      0       1       0       505
52      1       0       0       424
53      0       1       1       921
53      1       1       1       502
54      0       1       1       701
54      1       1       0       880
55      0       0       0       281
55      1       1       0       762
56      0       1       1       311
56      1       1       1       278
57      0       1       1       342
57      1       1       0       759
58      0       0       1       570
58      1       1       1       616
59      0       1       1       961
59      1       0       0       186
60      0       0       0       340
60      1       0       1       645
61      0       0       1       118
61      1       0       1       395
62      0       1       1       420
62      1       1       1       320
63      0       0       1       864
63      1       1       0       825
64      0       1       1       625
64      1       0       1       663
65      0       1       0       840
65      1       1       1       719
66      0       0       1       839
66      1       0       0       640
67      0       1       1       27
67      1       1       1       15
68      0       0       1       547
68      1       1       0       406
69      0       0       1       70
69      1       1       1       860
70      0       1       0       307
70      1       1       1       317
71      0       1       0       612
71      1       0       1       498
72      0       1       0       474
72      1       1       0       558
73      0       0       1       140
73      1       1       1       756
74      0       0       1       765
74      1       0       0       389
75      0       0       1       218
75      1       1       1       184
76      0       1       1       57
76      1       1       0       444
77      0       1       0       240
77      1       1       0       732
78      0       1       0       605
78      1       1       1       580
79      0       0       0       268
79      1       1       1       46
80      0       0       1       968
80      1       1       1       879
81      0       1       1       102
81      1       0       0       332
82      0       1       0       341
82      1       1       1       72
83      0       1       0       332
83      1       1       0       753
84      0       0       1       506
84      1       0       1       331
85      0       1       1       34
85      1       1       0       390
86      0       1       1       272
86      1       0       0       47
87      0       0       1       300
87      1       1       1       48
88      0       1       0       582
88      1       0       0       69
89      0       0       0       989
89      1       1       0       571
90      0       1       1       858
90      1       1       0       338
91      0       0       1       879
91      1       1       1       590
92      0       0       1       831
92      1       0       1       301
93      0       0       0       918
93      1       0       0       575
94      0       1       0       657
94      1       1       0       642
95      0       0       0       836
95      1       1       1       839
96      0       0       1       683
96      1       0       0       718
97      0       1       1       506
97      1       0       0       59
98      0       1       0       866
98      1       0       1       236
99      0       1       1       274
99      1       1       1       502
100     0       0       0       825
100     1       0       0       436
101     0       1       1       184
101     1       0       1       299
102     0       1       1       367
102     1       0       1       572
103     0       1       0       21
103     1       0       1       373
104     0       1       0       971
104     1       1       1       394
105     0       1       0       189
105     1       0       1       192
106     0       1       1       619
106     1       1       1       893
107     0       1       1       125
107     1       0       1       748
108     0       1       0       823
108     1       0       1       372
109     0       0       0       462
109     1       0       1       470
110     0       1       1       645
110     1       0       1       864
111     0       0       0       346
111     1       1       0       329
112     0       0       1       789
112     1       0       0       865
113     0       0       0       414
113     1       0       1       708
114     0       1       1       250
114     1       1       0       32
115     0       0       0       11
115     1       0       0       271
116     0       0       0       941
116     1       0       0       952
117     0       1       0       324
117     1       0       1       367
118     0       0       0       265
118     1       1       0       629
119     0       1       1       581
119     1       0       1       910
120     0       1       1       903
120     1       0       0       222
121     0       1       1       574
121     1       0       0       194
122     0       1       0       811
122     1       0       1       90
123     0       0       0       641
123     1       0       1       491
124     0       0       1       250
124     1       0       0       62
125     0       0       1       864
125     1       1       1       995
126     0       1       0       609
126     1       1       1       608
127     0       0       1       936
127     1       0       1       833
128     0       0       1       705
128     1       1       1       977
129     0       1       1       355
129     1       1       1       474
130     0       1       0       707
130     1       1       1       210
131     0       0       0       567
131     1       0       0       670
132     0       1       0       392
132     1       0       1       214
133     0       0       1       327
133     1       1       0       421
134     0       1       1       840
134     1       1       0       814
135     0       0       0       717
135     1       0       1       859
136     0       0       0       724
136     1       0       0       372
137     0       1       1       398
137     1       0       1       790
138     0       0       1       542
138     1       0       0       911
139     0       1       1       513
139     1       1       0       200
140     0       0       0       356
140     1       1       0       165
141     0       0       0       667
141     1       0       0       901
142     0       1       0       316
142     1       1       1       920
143     0       0       1       523
143     1       0       0       538
144     0       1       1       74
144     1       0       1       483
145     0       1       1       848
145     1       0       1       402
146     0       0       1       893
146     1       0       0       778
147     0       0       1       38
147     1       1       1       92
148     0       0       1       217
148     1       1       1       773
149     0       0       0       617
149     1       0       1       926
150     0       0       1       393
150     1       0       1       620
151     0       0       0       454
151     1       0       0       661
152     0       1       0       444
152     1       0       0       875
153     0       1       0       962
153     1       1       0       353
154     0       0       0       132
154     1       0       0       761
155     0       0       0       103
155     1       0       0       727
156     0       0       1       843
156     1       0       0       812
157     0       0       0       400
157     1       1       0       112
158     0       0       1       885
158     1       0       0       88
159     0       0       1       572
159     1       0       0       940
160     0       0       0       211
160     1       1       0       393
161     0       1       0       767
161     1       0       0       358
162     0       1       0       37
162     1       0       1       181
163     0       0       0       432
163     1       1       0       202
164     0       1       0       172
164     1       0       1       886
165     0       1       0       975
165     1       0       0       366
166     0       0       0       51
166     1       1       1       205
167     0       1       1       339
167     1       1       1       28
168     0       0       1       362
168     1       0       1       110
169     0       0       0       159
169     1       0       1       412
170     0       0       0       835
170     1       0       0       700
171     0       0       1       636
171     1       1       1       307
172     0       1       0       941
172     1       1       1       138
173     0       0       0       35
173     1       0       1       195
174     0       1       0       839
174     1       1       0       103
175     0       0       1       221
175     1       1       1       627
176     0       1       0       923
176     1       1       1       140
177     0       0       0       978
177     1       1       1       222
178     0       1       0       161
178     1       1       1       48
179     0       0       0       810
179     1       1       1       619
180     0       0       1       99
180     1       0       1       943
181     0       0       1       580
181     1       0       1       739
182     0       0       1       6
182     1       1       0       495
183     0       1       0       924
183     1       0       1       255
184     0       1       1       539
184     1       1       1       633
185     0       0       0       97
185     1       0       1       65
186     0       1       1       991
186     1       1       1       407
187     0       1       0       758
187     1       1       0       891
188     0       0       0       86
188     1       1       1       918
189     0       1       0       632
189     1       1       0       749
190     0       0       1       961
190     1       1       1       231
191     0       1       1       195
191     1       0       1       817
192     0       0       0       839
192     1       1       1       175
193     0       1       0       450
193     1       1       1       861
194     0       1       0       607
194     1       0       1       426
195     0       0       0       430
195     1       0       0       949
196     0       0       1       906
196     1       1       0       988
197     0       1       1       992
197     1       0       0       384
198     0       1       1       266
198     1       0       0       983
199     0       0       1       973
199     1       0       0       149
200     0       1       1       298
200     1       1       1       272
201     0       0       1       31
201     1       0       0       779
202     0       0       1       598
202     1       0       0       86
203     0       1       0       128
203     1       0       1       132
204     0       1       1       417
204     1       0       1       464
205     0       0       0       974
205     1       1       1       535
206     0       0       0       571
206     1       0       1       983
207     0       1       0       420
207     1       0       0       539
208     0       1       0       76
208     1       1       0       317
209     0       1       0       941
209     1       0       0       417
210     0       0       1       719
210     1       0       1       40
211     0       1       0       400
211     1       0       0       310
212     0       1       1       18
212     1       0       1       125
213     0       1       1       24
213     1       1       0       735
214     0       0       0       172
214     1       1       0       849
215     0       1       1       984
215     1       0       0       535
216     0       1       1       506
216     1       0       0       764
217     0       0       0       913
217     1       0       1       948
218     0       1       0       39
218     1       1       0       60
219     0       0       0       443
219     1       0       1       2
220     0       1       0       332
220     1       0       1       437
221     0       0       1       946
221     1       0       0       950
222     0       1       0       322
222     1       1       0       860
223     0       0       1       649
223     1       1       0       985
224     0       1       1       455
224     1       1       0       868
225     0       0       1       892
225     1       1       1       737
226     0       1       1       845
226     1       0       0       823
227     0       1       1       584
227     1       1       1       799
228     0       0       0       291
228     1       1       0       959
229     0       1       0       201
229     1       1       0       735
230     0       1       0       709
230     1       1       0       402
231     0       1       1       608
231     1       0       0       44
232     0       0       1       777
232     1       0       1       192
233     0       1       1       460
233     1       1       0       912
234     0       1       1       100
234     1       1       0       725
235     0       0       1       332
235     1       1       1       630
236     0       0       0       392
236     1       1       1       768
237     0       1       1       824
237     1       1       0       167
238     0       1       0       536
238     1       0       0       609
239     0       1       1       471
239     1       0       0       836
240     0       1       0       242
240     1       1       0       112
241     0       0       1       284
241     1       1       1       529
242     0       0       1       739
242     1       1       1       236
243     0       0       1       89
243     1       0       1       195
244     0       0       1       652
244     1       0       1       827
245     0       1       1       348
245     1       1       1       449
246     0       1       1       876
246     1       0       0       225
247     0       1       1       581
247     1       0       0       805
248     0       0       1       801
248     1       1       1       386
249     0       0       1       512
249     1       0       0       686
250     0       0       1       190
250     1       0       1       118
251     0       0       0       819
251     1       0       0       61
252     0       1       1       30
252     1       0       0       998
253     0       0       1       147
253     1       1       0       918
254     0       1       1       926
254     1       0       0       691
255     0       0       1       725
255     1       1       0       508
256     0       0       1       881
256     1       0       0       498
257     0       0       0       110
257     1       0       1       333
258     0       0       0       755
258     1       0       1       563
259     0       0       0       428
259     1       0       1       320
260     0       1       0       170
260     1       0       1       564
261     0       1       0       144
261     1       1       1       59
262     0       0       0       83
262     1       1       0       782
263     0       1       1       168
263     1       0       1       711
264     0       1       0       990
264     1       0       1       885
265     0       1       0       124
265     1       0       0       41
266     0       1       1       399
266     1       1       1       826
267     0       1       0       664
267     1       1       0       888
268     0       1       1       756
268     1       0       0       851
269     0       1       0       5
269     1       0       0       683
270     0       1       1       621
270     1       1       1       646
271     0       1       1       960
271     1       0       1       471
272     0       0       1       161
272     1       1       0       813
273     0       0       0       372
273     1       1       0       509
274     0       1       1       350
274     1       0       0       452
275     0       0       0       699
275     1       1       1       867
276     0       1       0       927
276     1       0       0       327
277     0       1       0       438
277     1       1       0       34
278     0       1       1       43
278     1       1       1       895
279     0       1       1       686
279     1       0       0       995
280     0       1       0       298
280     1       0       0       252
281     0       0       1       544
281     1       0       0       359
282     0       0       0       318
282     1       0       1       259
283     0       1       1       50
283     1       0       0       465
284     0       1       0       964
284     1       1       0       591
285     0       1       1       287
285     1       1       0       503
286     0       0       0       244
286     1       1       1       451
287     0       1       1       733
287     1       1       0       885
288     0       1       1       727
288     1       0       0       784
289     0       1       0       465
289     1       0       1       863
290     0       0       0       988
290     1       1       0       555
291     0       0       1       800
291     1       1       0       100
292     0       1       0       378
292     1       1       0       213
293     0       0       1       824
293     1       1       0       292
294     0       1       1       682
294     1       0       0       851
295     0       1       1       411
295     1       1       0       541
296     0       1       1       0
296     1       1       1       896
297     0       1       0       296
297     1       0       1       563
298     0       0       0       940
298     1       1       0       860
299     0       0       0       242
299     1       1       0       649
300     0       0       0       152
300     1       1       0       194
301     0       1       1       574
301     1       0       0       406
302     0       0       1       290
302     1       0       0       834
303     0       0       0       527
303     1       0       1       103
304     0       0       1       753
304     1       0       1       113
305     0       1       1       752
305     1       1       0       383
306     0       1       1       714
306     1       0       0       122
307     0       1       1       902
307     1       0       1       221
308     0       1       1       381
308     1       1       0       990
309     0       1       1       184
309     1       0       0       391
310     0       0       1       967
310     1       1       1       355
311     0       1       0       374
311     1       1       1       522
312     0       0       1       823
312     1       1       1       889
313     0       0       0       736
313     1       1       1       428
314     0       0       1       242
314     1       0       1       156
315     0       1       1       321
315     1       1       0       249
316     0       1       1       676
316     1       0       0       341
317     0       1       0       798
317     1       1       1       789
318     0       1       1       187
318     1       0       1       563
319     0       1       0       257
319     1       1       0       477
320     0       1       1       78
320     1       0       0       867
321     0       1       1       236
321     1       0       0       335
322     0       0       1       703
322     1       1       0       17
323     0       1       1       357
323     1       0       0       329
324     0       1       1       255
324     1       0       0       968
325     0       1       1       653
325     1       1       0       590
326     0       1       0       180
326     1       1       0       553
327     0       0       0       238
327     1       1       0       153
328     0       0       0       334
328     1       0       0       230
329     0       0       0       217
329     1       1       0       996
330     0       0       0       544
330     1       1       0       961
331     0       0       1       555
331     1       1       1       110
332     0       1       0       979
332     1       0       0       776
333     0       0       0       211
333     1       0       0       550
334     0       1       0       212
334     1       1       1       419
335     0       1       0       391
335     1       0       1       257
336     0       0       1       254
336     1       0       0       380
337     0       0       0       215
337     1       1       1       488
338     0       0       1       673
338     1       1       1       689
339     0       0       1       617
339     1       1       1       301
340     0       0       1       714
340     1       1       1       67
341     0       1       1       496
341     1       0       1       921
342     0       0       1       882
342     1       0       0       276
343     0       0       0       60
343     1       1       0       473
344     0       0       0       125
344     1       0       1       251
345     0       1       0       487
345     1       1       0       243
346     0       1       0       464
346     1       0       0       809
347     0       0       0       304
347     1       0       1       173
348     0       0       0       289
348     1       1       0       526
349     0       0       1       978
349     1       1       0       30
350     0       1       0       578
350     1       0       1       724
351     0       1       0       421
351     1       0       0       591
352     0       0       1       143
352     1       1       0       228
353     0       0       1       913
353     1       0       1       769
354     0       0       0       654
354     1       1       1       12
355     0       1       1       935
355     1       1       1       714
356     0       1       1       140
356     1       1       1       577
357     0       1       1       553
357     1       0       1       979
358     0       1       1       669
358     1       0       0       557
359     0       0       0       994
359     1       1       0       82
360     0       1       0       308
360     1       1       0       558
361     0       0       1       801
361     1       1       1       12
362     0       0       1       517
362     1       0       1       221
363     0       0       0       125
363     1       0       0       483
364     0       0       0       883
364     1       1       0       623
365     0       0       0       76
365     1       0       1       924
366     0       1       0       747
366     1       1       1       566
367     0       1       0       390
367     1       1       0       275
368     0       0       1       210
368     1       0       0       774
369     0       1       1       481
369     1       1       1       753
370     0       1       1       859
370     1       1       1       469
371     0       0       1       10
371     1       1       1       285
372     0       0       0       90
372     1       1       0       677
373     0       1       1       196
373     1       1       1       668
374     0       1       0       330
374     1       0       0       319
375     0       1       0       427
375     1       0       0       7
376     0       1       0       157
376     1       0       1       183
377     0       1       1       288
377     1       1       0       241
378     0       1       0       776
378     1       1       0       956
379     0       0       1       482
379     1       1       0       551
380     0       1       1       252
380     1       0       1       972
381     0       1       0       166
381     1       0       0       356
382     0       0       0       909
382     1       1       1       561
383     0       1       1       329
383     1       0       1       355
384     0       0       1       716
384     1       0       1       375
385     0       1       1       215
385     1       0       0       634
386     0       0       0       835
386     1       0       0       812
387     0       0       0       884
387     1       0       0       738
388     0       0       0       91
388     1       0       0       926
389     0       1       1       738
389     1       0       1       113
390     0       1       1       195
390     1       1       0       714
391     0       1       1       263
391     1       0       0       812
392     0       0       1       311
392     1       1       1       863
393     0       0       0       289
393     1       0       1       506
394     0       0       1       197
394     1       0       1       545
395     0       1       0       384
395     1       1       1       770
396     0       0       1       428
396     1       1       1       271
397     0       1       1       950
397     1       0       1       410
398     0       1       1       264
398     1       0       0       349
399     0       0       1       478
399     1       0       1       273
400     0       1       1       390
400     1       0       1       41
401     0       0       0       548
401     1       0       1       223
402     0       1       0       919
402     1       0       1       378
403     0       0       0       584
403     1       0       1       994
404     0       0       1       765
404     1       0       1       594
405     0       1       0       282
405     1       0       0       416
406     0       0       1       164
406     1       1       0       107
407     0       1       0       782
407     1       0       0       696
408     0       1       1       810
408     1       1       1       480
409     0       1       1       98
409     1       1       0       72
410     0       1       1       670
410     1       1       1       129
411     0       1       1       946
411     1       1       0       890
412     0       1       0       689
412     1       1       1       882
413     0       1       1       172
413     1       0       1       838
414     0       0       1       27
414     1       0       1       718
415     0       0       1       12
415     1       1       0       66
416     0       1       0       724
416     1       0       0       432
417     0       1       0       838
417     1       1       1       710
418     0       0       0       149
418     1       1       1       130
419     0       1       0       108
419     1       0       1       228
420     0       0       1       440
420     1       1       1       219
421     0       1       1       298
421     1       0       0       972
422     0       0       0       910
422     1       0       0       809
423     0       1       0       79
423     1       0       1       480
424     0       0       0       776
424     1       1       1       374
425     0       1       0       285
425     1       1       0       903
426     0       1       1       352
426     1       0       0       266
427     0       1       0       745
427     1       1       1       967
428     0       0       1       844
428     1       0       1       595
429     0       1       1       150
429     1       0       0       754
430     0       1       0       573
430     1       0       1       329
431     0       1       1       461
431     1       0       0       252
432     0       1       0       67
432     1       1       0       62
433     0       1       0       261
433     1       0       1       439
434     0       0       1       487
434     1       1       0       889
435     0       0       1       998
435     1       1       0       522
436     0       0       1       805
436     1       1       0       571
437     0       1       1       848
437     1       0       0       668
438     0       0       1       522
438     1       0       0       704
439     0       1       0       513
439     1       1       1       32
440     0       1       0       72
440     1       1       0       287
441     0       1       1       491
441     1       1       0       226
442     0       1       1       95
442     1       0       0       82
443     0       1       1       763
443     1       1       0       220
444     0       1       1       405
444     1       1       0       361
445     0       1       1       239
445     1       1       0       690
446     0       1       0       605
446     1       0       1       16
447     0       1       0       176
447     1       0       0       610
448     0       1       0       858
448     1       1       0       707
449     0       1       1       987
449     1       0       1       73
450     0       1       0       77
450     1       1       0       887
451     0       0       1       838
451     1       1       0       212
452     0       1       0       681
452     1       0       0       738
453     0       0       1       337
453     1       1       0       606
454     0       1       1       307
454     1       0       1       628
455     0       1       1       752
455     1       0       0       290
456     0       0       0       549
456     1       1       0       714
457     0       0       1       971
457     1       0       0       153
458     0       0       1       3
458     1       1       0       479
459     0       1       1       988
459     1       0       0       610
460     0       1       1       359
460     1       0       1       281
461     0       1       0       842
461     1       1       0       892
462     0       1       1       97
462     1       0       0       683
463     0       0       1       143
463     1       1       1       149
464     0       1       0       398
464     1       1       0       855
465     0       1       0       180
465     1       1       1       673
466     0       1       1       518
466     1       0       0       429
467     0       0       1       45
467     1       0       0       718
468     0       0       1       727
468     1       0       0       19
469     0       1       0       76
469     1       0       1       140
470     0       0       1       473
470     1       0       0       118
471     0       0       0       593
471     1       1       0       238
472     0       1       1       368
472     1       0       0       656
473     0       0       1       739
473     1       0       1       827
474     0       0       0       394
474     1       0       1       813
475     0       1       1       656
475     1       0       0       237
476     0       0       1       95
476     1       1       0       996
477     0       1       0       613
477     1       1       1       784
478     0       0       0       133
478     1       1       1       604
479     0       0       1       300
479     1       1       1       461
480     0       1       0       696
480     1       1       1       784
481     0       1       1       286
481     1       1       0       32
482     0       1       0       835
482     1       0       1       425
483     0       1       0       234
483     1       0       1       898
484     0       0       0       133
484     1       1       1       332
485     0       1       0       856
485     1       0       0       351
486     0       0       0       41
486     1       1       1       390
487     0       1       0       924
487     1       1       0       147
488     0       1       0       285
488     1       1       0       107
489     0       0       0       780
489     1       0       1       857
490     0       1       1       4
490     1       1       1       511
491     0       1       1       744
491     1       1       1       531
492     0       1       1       951
492     1       0       1       986
493     0       0       0       495
493     1       1       0       561
494     0       1       1       896
494     1       0       0       871
495     0       0       0       277
495     1       0       0       77
496     0       1       0       389
496     1       1       1       759
497     0       1       0       331
497     1       0       0       37
498     0       1       1       170
498     1       0       0       455
499     0       1       0       332
499     1       1       0       936
500     0       1       1       654
500     1       0       0       317
501     0       0       1       484
501     1       1       0       510
502     0       0       1       285
502     1       1       0       700
503     0       1       0       283
503     1       1       0       111
504     0       0       0       43
504     1       1       0       732
505     0       1       0       264
505     1       1       0       743
506     0       1       1       860
506     1       1       1       511
507     0       0       1       880
507     1       1       1       243
508     0       0       1       425
508     1       0       1       914
509     0       1       1       920
509     1       0       1       345
510     0       1       0       666
510     1       1       0       304
511     0       1       0       417
511     1       1       1       67
512     0       1       0       395
512     1       1       1       403
513     0       0       1       471
513     1       1       0       593
514     0       0       0       521
514     1       0       1       591
515     0       0       1       652
515     1       1       0       466
516     0       1       0       354
516     1       1       0       713
517     0       0       1       833
517     1       0       0       343
518     0       1       1       566
518     1       1       0       144
519     0       1       0       130
519     1       1       0       129
520     0       0       1       231
520     1       0       0       391
521     0       1       0       510
521     1       1       1       450
522     0       1       0       228
522     1       0       1       625
523     0       1       1       190
523     1       1       1       611
524     0       1       0       173
524     1       1       0       398
525     0       1       0       29
525     1       1       0       525
526     0       0       0       868
526     1       1       0       194
527     0       0       0       904
527     1       1       1       599
528     0       0       0       723
528     1       0       1       530
529     0       1       1       29
529     1       1       0       651
530     0       1       1       257
530     1       0       0       815
531     0       0       0       427
531     1       1       0       657
532     0       1       0       360
532     1       0       1       192
533     0       0       1       267
533     1       0       0       123
534     0       0       0       565
534     1       0       1       437
535     0       0       0       145
535     1       0       1       434
536     0       0       0       95
536     1       1       0       334
537     0       0       0       823
537     1       1       0       276
538     0       1       0       690
538     1       1       0       473
539     0       1       0       932
539     1       1       0       507
540     0       0       1       652
540     1       1       0       81
541     0       1       0       498
541     1       0       1       726
542     0       1       1       292
542     1       1       0       646
543     0       0       0       309
543     1       0       0       908
544     0       0       1       245
544     1       0       0       317
545     0       1       1       905
545     1       1       1       852
546     0       0       0       971
546     1       1       0       557
547     0       0       1       100
547     1       1       1       869
548     0       1       0       612
548     1       1       0       79
549     0       1       1       121
549     1       0       0       611
550     0       1       1       893
550     1       1       0       652
551     0       0       1       267
551     1       0       1       356
552     0       1       1       106
552     1       1       0       434
553     0       1       0       944
553     1       0       1       624
554     0       1       0       793
554     1       1       0       919
555     0       1       0       653
555     1       0       0       389
556     0       1       0       934
556     1       1       0       17
557     0       0       0       575
557     1       1       1       450
558     0       1       1       20
558     1       0       0       895
559     0       0       0       892
559     1       1       0       246
560     0       0       0       876
560     1       1       1       171
561     0       1       0       281
561     1       0       0       633
562     0       1       1       1
562     1       1       1       693
563     0       0       0       848
563     1       1       1       213
564     0       1       0       742
564     1       0       0       573
565     0       1       1       205
565     1       0       0       866
566     0       0       0       701
566     1       0       1       51
567     0       0       0       498
567     1       1       1       698
568     0       1       0       178
568     1       0       1       602
569     0       1       0       82
569     1       0       1       673
570     0       1       0       443
570     1       0       0       679
571     0       1       1       416
571     1       1       1       965
572     0       0       0       786
572     1       0       0       359
573     0       0       0       534
573     1       0       1       814
574     0       0       1       610
574     1       0       0       149
575     0       0       0       822
575     1       0       1       871
576     0       1       0       768
576     1       0       1       773
577     0       1       0       467
577     1       1       1       927
578     0       1       1       582
578     1       0       0       207
579     0       0       0       772
579     1       0       1       626
580     0       1       0       885
580     1       1       0       984
581     0       0       1       644
581     1       0       0       561
582     0       0       0       228
582     1       0       1       613
583     0       1       1       404
583     1       1       1       890
584     0       1       1       964
584     1       1       0       264
585     0       0       1       120
585     1       0       1       768
586     0       1       1       236
586     1       0       1       353
587     0       1       0       675
587     1       0       0       219
588     0       1       0       113
588     1       1       0       647
589     0       1       1       162
589     1       1       1       500
590     0       1       0       95
590     1       0       1       467
591     0       1       0       434
591     1       1       0       605
592     0       0       0       159
592     1       0       0       331
593     0       1       0       142
593     1       0       0       129
594     0       0       0       52
594     1       0       0       750
595     0       0       0       728
595     1       1       0       378
596     0       1       1       132
596     1       1       0       486
597     0       0       1       534
597     1       0       0       514
598     0       0       1       678
598     1       1       1       494
599     0       0       1       78
599     1       0       0       873
600     0       1       1       816
600     1       1       0       72
601     0       1       1       224
601     1       0       1       169
602     0       0       0       623
602     1       0       0       216
603     0       0       1       10
603     1       0       0       311
604     0       1       0       480
604     1       1       1       120
605     0       1       1       872
605     1       1       0       125
606     0       0       1       573
606     1       0       1       513
607     0       0       1       630
607     1       1       0       578
608     0       0       0       911
608     1       1       1       716
609     0       0       0       311
609     1       0       0       923
610     0       0       0       584
610     1       0       1       652
611     0       1       1       433
611     1       0       0       33
612     0       1       0       187
612     1       0       1       817
613     0       1       0       520
613     1       1       0       556
614     0       1       0       780
614     1       1       0       875
615     0       0       1       488
615     1       1       1       875
616     0       1       0       748
616     1       0       1       969
617     0       0       0       894
617     1       1       1       831
618     0       1       1       23
618     1       0       1       811
619     0       0       0       962
619     1       0       0       585
620     0       0       1       285
620     1       0       0       312
621     0       1       1       249
621     1       0       1       969
622     0       1       1       35
622     1       0       0       965
623     0       0       1       714
623     1       0       1       375
624     0       0       1       490
624     1       1       0       942
625     0       1       1       996
625     1       1       0       835
626     0       1       1       365
626     1       1       0       122
627     0       0       0       209
627     1       0       1       72
628     0       0       1       77
628     1       1       1       256
629     0       1       1       697
629     1       0       0       872
630     0       0       1       954
630     1       0       0       914
631     0       0       1       652
631     1       0       1       299
632     0       0       0       894
632     1       1       1       829
633     0       0       0       272
633     1       0       1       944
634     0       1       0       433
634     1       1       1       100
635     0       0       0       890
635     1       1       1       72
636     0       1       1       381
636     1       0       0       759
637     0       1       0       260
637     1       0       0       488
638     0       0       0       682
638     1       1       1       850
639     0       0       0       688
639     1       1       1       392
640     0       0       1       675
640     1       0       1       985
641     0       1       0       21
641     1       1       0       903
642     0       0       0       673
642     1       1       0       249
643     0       1       0       482
643     1       0       1       493
644     0       0       1       244
644     1       0       1       182
645     0       0       1       173
645     1       1       0       623
646     0       1       0       891
646     1       1       0       718
647     0       0       0       313
647     1       1       0       874
648     0       1       1       96
648     1       1       0       676
649     0       0       0       38
649     1       1       0       438
650     0       0       1       108
650     1       1       0       531
651     0       1       0       593
651     1       1       0       880
652     0       1       0       757
652     1       1       1       588
653     0       0       0       223
653     1       1       0       784
654     0       1       1       398
654     1       1       0       595
655     0       0       1       823
655     1       0       1       919
656     0       0       0       347
656     1       0       0       643
657     0       1       0       68
657     1       1       0       852
658     0       0       1       183
658     1       1       0       970
659     0       1       1       852
659     1       1       0       821
660     0       0       1       437
660     1       1       1       947
661     0       0       1       625
661     1       0       1       188
662     0       1       0       848
662     1       1       1       812
663     0       0       0       571
663     1       0       0       975
664     0       1       1       462
664     1       0       0       698
665     0       1       0       960
665     1       0       0       465
666     0       1       1       90
666     1       0       1       722
667     0       1       0       358
667     1       0       0       656
668     0       0       1       59
668     1       0       0       180
669     0       0       0       733
669     1       0       1       593
670     0       0       1       742
670     1       1       0       348
671     0       1       0       544
671     1       1       0       181
672     0       1       1       299
672     1       1       1       792
673     0       0       0       766
673     1       1       1       412
674     0       0       0       606
674     1       0       0       357
675     0       0       1       269
675     1       1       0       317
676     0       0       0       306
676     1       0       1       293
677     0       1       0       728
677     1       0       0       242
678     0       0       1       128
678     1       1       1       253
679     0       1       0       406
679     1       0       0       670
680     0       0       0       58
680     1       1       0       849
681     0       1       0       155
681     1       0       1       367
682     0       1       1       472
682     1       1       1       768
683     0       0       0       653
683     1       1       0       300
684     0       1       0       917
684     1       1       0       319
685     0       1       1       224
685     1       0       0       340
686     0       0       0       159
686     1       1       0       497
687     0       0       0       627
687     1       1       0       68
688     0       1       0       838
688     1       1       1       431
689     0       1       0       888
689     1       0       0       253
690     0       1       1       697
690     1       1       1       235
691     0       1       1       695
691     1       1       0       708
692     0       0       0       168
692     1       1       0       80
693     0       1       1       924
693     1       1       1       749
694     0       1       1       340
694     1       1       0       909
695     0       0       1       949
695     1       1       1       687
696     0       1       1       18
696     1       0       0       329
697     0       0       0       769
697     1       0       1       457
698     0       0       1       402
698     1       0       1       262
699     0       1       1       749
699     1       1       1       468
700     0       0       1       395
700     1       1       0       599
701     0       1       1       771
701     1       0       1       16
702     0       1       0       151
702     1       1       1       766
703     0       0       1       257
703     1       0       0       853
704     0       1       1       639
704     1       1       1       8
705     0       0       1       917
705     1       1       0       498
706     0       0       1       430
706     1       1       1       74
707     0       1       0       366
707     1       1       1       793
708     0       1       0       2
708     1       0       1       518
709     0       1       0       446
709     1       1       0       576
710     0       0       1       453
710     1       1       1       823
711     0       0       1       229
711     1       0       0       384
712     0       0       1       951
712     1       1       1       731
713     0       1       1       281
713     1       1       0       842
714     0       1       0       371
714     1       1       0       523
715     0       1       0       268
715     1       1       1       502
716     0       0       0       202
716     1       1       1       279
717     0       0       1       226
717     1       1       1       724
718     0       1       1       557
718     1       0       0       560
719     0       1       0       831
719     1       1       1       89
720     0       1       0       232
720     1       0       1       838
721     0       1       1       236
721     1       0       0       361
722     0       0       0       795
722     1       1       0       751
723     0       1       0       246
723     1       1       0       951
724     0       0       1       422
724     1       1       1       296
725     0       0       1       952
725     1       0       1       634
726     0       0       0       317
726     1       0       0       377
727     0       0       0       436
727     1       1       0       874
728     0       0       0       554
728     1       0       1       472
729     0       1       0       362
729     1       1       1       800
730     0       1       0       145
730     1       1       0       819
731     0       0       1       325
731     1       0       0       569
732     0       1       1       772
732     1       1       1       379
733     0       1       1       120
733     1       1       1       790
734     0       0       1       604
734     1       1       1       430
735     0       0       0       842
735     1       1       0       197
736     0       1       1       743
736     1       1       1       119
737     0       1       0       428
737     1       0       0       334
738     0       1       0       914
738     1       0       0       763
739     0       1       0       831
739     1       0       1       328
740     0       1       1       495
740     1       1       0       293
741     0       1       0       762
741     1       1       0       61
742     0       0       1       261
742     1       1       0       723
743     0       1       1       234
743     1       0       1       71
744     0       1       0       562
744     1       0       0       80
745     0       0       0       332
745     1       1       1       725
746     0       1       1       96
746     1       0       1       352
747     0       0       1       17
747     1       0       1       123
748     0       1       1       809
748     1       0       0       99
749     0       0       0       558
749     1       0       0       708
750     0       0       0       274
750     1       0       0       284
751     0       0       0       403
751     1       0       0       219
752     0       1       1       483
752     1       0       1       700
753     0       1       1       636
753     1       1       0       62
754     0       1       1       966
754     1       0       0       518
755     0       0       1       658
755     1       1       1       354
756     0       0       0       880
756     1       0       1       476
757     0       0       1       586
757     1       0       1       645
758     0       1       0       655
758     1       1       1       377
759     0       0       1       791
759     1       1       1       182
760     0       1       1       539
760     1       0       1       427
761     0       1       1       680
761     1       0       0       62
762     0       0       1       659
762     1       0       1       581
763     0       1       1       7
763     1       0       1       534
764     0       0       0       809
764     1       0       1       181
765     0       1       0       289
765     1       0       1       104
766     0       0       0       305
766     1       0       1       321
767     0       0       1       401
767     1       0       1       82
768     0       1       0       175
768     1       0       0       952
769     0       0       1       760
769     1       1       0       964
770     0       1       0       459
770     1       0       0       91
771     0       1       1       854
771     1       1       1       374
772     0       1       1       277
772     1       1       0       373
773     0       1       1       192
773     1       1       1       58
774     0       1       1       300
774     1       1       0       548
775     0       1       0       79
775     1       1       1       687
776     0       1       1       826
776     1       0       1       229
777     0       0       1       598
777     1       0       1       933
778     0       0       1       681
778     1       1       0       498
779     0       1       0       83
779     1       0       0       706
780     0       1       0       166
780     1       1       1       867
781     0       0       0       579
781     1       1       1       98
782     0       1       0       159
782     1       0       1       724
783     0       0       1       11
783     1       1       1       777
784     0       1       1       762
784     1       0       0       237
785     0       0       0       662
785     1       0       0       823
786     0       1       0       526
786     1       0       1       362
787     0       0       0       18
787     1       1       1       982
788     0       1       0       928
788     1       1       0       105
789     0       1       1       515
789     1       0       0       700
790     0       1       0       135
790     1       1       1       291
791     0       0       1       195
791     1       0       1       846
792     0       1       1       46
792     1       0       0       141
793     0       1       0       31
793     1       0       1       290
794     0       1       1       817
794     1       0       0       830
795     0       1       0       659
795     1       1       0       79
796     0       1       0       479
796     1       0       1       1
797     0       0       1       314
797     1       1       0       84
798     0       0       1       828
798     1       1       0       181
799     0       0       1       736
799     1       1       0       866
800     0       1       1       156
800     1       0       0       835
801     0       0       1       412
801     1       0       0       784
802     0       1       0       979
802     1       1       1       103
803     0       1       0       252
803     1       1       0       306
804     0       1       1       59
804     1       1       0       337
805     0       1       1       423
805     1       0       0       837
806     0       1       1       818
806     1       1       0       379
807     0       1       1       506
807     1       1       0       231
808     0       1       1       137
808     1       1       0       989
809     0       1       0       358
809     1       0       1       736
810     0       1       0       20
810     1       0       0       883
811     0       1       0       155
811     1       1       0       592
812     0       1       1       415
812     1       0       1       864
813     0       1       0       650
813     1       1       0       648
814     0       0       1       914
814     1       1       0       248
815     0       1       0       472
815     1       0       0       892
816     0       0       1       113
816     1       1       0       668
817     0       1       1       868
817     1       0       1       863
818     0       1       1       886
818     1       0       0       751
819     0       0       0       162
819     1       1       0       473
820     0       0       1       134
820     1       0       0       433
821     0       0       1       318
821     1       1       0       163
822     0       1       1       713
822     1       0       0       858
823     0       1       1       689
823     1       0       1       562
824     0       1       0       83
824     1       1       0       149
825     0       1       1       574
825     1       0       0       158
826     0       0       1       362
826     1       1       1       50
827     0       1       0       977
827     1       1       0       514
828     0       1       0       551
828     1       1       1       593
829     0       1       1       496
829     1       0       0       414
830     0       0       1       244
830     1       0       0       562
831     0       0       1       793
831     1       0       0       996
832     0       1       0       192
832     1       0       1       152
833     0       0       1       937
833     1       0       0       539
834     0       0       0       958
834     1       1       0       984
835     0       1       1       190
835     1       0       0       742
836     0       0       1       297
836     1       0       1       515
837     0       0       0       940
837     1       0       1       251
838     0       1       1       519
838     1       0       0       80
839     0       0       1       428
839     1       1       0       918
840     0       1       0       613
840     1       1       1       12
841     0       0       0       769
841     1       1       1       487
842     0       0       1       6
842     1       1       1       93
843     0       1       0       217
843     1       1       1       838
844     0       1       1       337
844     1       1       0       897
845     0       1       0       345
845     1       0       1       460
846     0       1       0       828
846     1       0       1       34
847     0       0       0       914
847     1       1       1       678
848     0       1       0       759
848     1       0       0       946
849     0       0       0       87
849     1       1       1       842
850     0       1       0       39
850     1       1       0       517
851     0       1       0       230
851     1       1       0       398
852     0       0       0       613
852     1       0       1       827
853     0       1       1       897
853     1       1       1       213
854     0       1       1       471
854     1       1       1       538
855     0       1       1       351
855     1       0       1       973
856     0       0       0       251
856     1       1       0       187
857     0       1       1       768
857     1       0       0       49
858     0       0       0       483
858     1       0       0       575
859     0       1       0       771
859     1       1       1       787
860     0       1       0       83
860     1       0       0       375
861     0       1       1       702
861     1       0       0       291
862     0       1       0       754
862     1       1       0       428
863     0       1       1       719
863     1       0       0       334
864     0       0       1       519
864     1       1       0       870
865     0       0       1       286
865     1       1       0       572
866     0       1       0       123
866     1       1       0       994
867     0       0       0       468
867     1       1       0       736
868     0       1       0       578
868     1       1       0       423
869     0       1       1       267
869     1       1       1       7
870     0       0       1       491
870     1       1       1       236
871     0       0       1       334
871     1       0       1       818
872     0       1       1       965
872     1       0       1       928
873     0       1       0       371
873     1       1       0       382
874     0       1       0       279
874     1       1       1       155
875     0       1       0       932
875     1       1       1       529
876     0       0       1       765
876     1       1       0       734
877     0       0       0       309
877     1       0       1       461
878     0       0       1       717
878     1       1       0       825
879     0       1       0       98
879     1       1       0       242
880     0       0       1       884
880     1       0       0       585
881     0       1       1       883
881     1       1       0       11
882     0       1       0       582
882     1       1       0       686
883     0       0       1       843
883     1       0       0       244
884     0       1       0       793
884     1       1       1       657
885     0       1       0       736
885     1       0       1       180
886     0       1       1       200
886     1       1       1       709
887     0       1       0       81
887     1       1       0       233
888     0       1       0       409
888     1       1       0       894
889     0       0       0       185
889     1       1       0       547
890     0       0       0       831
890     1       1       1       732
891     0       0       0       147
891     1       0       1       491
892     0       1       1       462
892     1       1       0       380
893     0       1       1       228
893     1       0       0       251
894     0       0       0       348
894     1       1       0       952
895     0       1       0       417
895     1       0       1       259
896     0       0       1       140
896     1       0       0       288
897     0       0       0       710
897     1       0       1       486
898     0       0       0       491
898     1       0       1       963
899     0       0       0       654
899     1       1       0       369
900     0       0       0       375
900     1       1       0       556
901     0       1       0       531
901     1       1       0       113
902     0       1       0       463
902     1       1       0       845
903     0       0       1       35
903     1       1       0       960
904     0       1       0       179
904     1       0       1       564
905     0       1       1       537
905     1       1       0       162
906     0       0       0       702
906     1       0       0       573
907     0       0       1       703
907     1       0       0       526
908     0       1       1       704
908     1       1       1       122
909     0       0       0       542
909     1       1       0       883
910     0       0       1       531
910     1       1       1       420
911     0       1       0       96
911     1       1       0       499
912     0       1       1       971
912     1       0       0       75
913     0       1       1       260
913     1       1       0       754
914     0       0       1       973
914     1       0       1       601
915     0       1       1       959
915     1       1       0       697
916     0       1       0       885
916     1       0       1       866
917     0       1       0       791
917     1       1       0       854
918     0       1       0       576
918     1       0       0       721
919     0       1       0       495
919     1       1       0       197
920     0       0       0       657
920     1       1       1       566
921     0       1       1       985
921     1       0       0       728
922     0       0       0       140
922     1       1       0       757
923     0       0       0       300
923     1       1       1       10
924     0       1       0       682
924     1       0       0       85
925     0       1       1       784
925     1       1       1       804
926     0       0       0       757
926     1       1       1       508
927     0       1       0       399
927     1       0       0       12
928     0       1       1       457
928     1       0       0       150
929     0       0       0       708
929     1       0       1       894
930     0       0       0       991
930     1       1       1       536
931     0       1       0       608
931     1       0       1       655
932     0       1       0       111
932     1       0       1       908
933     0       1       0       769
933     1       0       0       59
934     0       1       1       246
934     1       1       1       297
935     0       0       0       825
935     1       0       0       424
936     0       0       0       368
936     1       0       1       432
937     0       0       1       372
937     1       0       0       514
938     0       0       0       210
938     1       0       1       209
939     0       1       0       508
939     1       0       1       827
940     0       1       0       832
940     1       1       1       173
941     0       1       1       339
941     1       0       0       45
942     0       0       0       672
942     1       0       1       389
943     0       1       0       97
943     1       1       0       940
944     0       0       1       358
944     1       0       0       678
945     0       0       0       478
945     1       0       1       809
946     0       1       1       183
946     1       1       1       844
947     0       1       1       64
947     1       1       0       813
948     0       0       1       740
948     1       0       1       848
949     0       1       1       607
949     1       0       1       582
950     0       1       0       133
950     1       0       0       725
951     0       1       0       922
951     1       1       0       995
952     0       1       1       139
952     1       1       1       306
953     0       1       0       533
953     1       0       1       814
954     0       1       0       715
954     1       1       0       398
955     0       0       0       926
955     1       0       0       233
956     0       1       0       434
956     1       0       0       320
957     0       0       0       799
957     1       0       0       163
958     0       0       0       745
958     1       1       0       717
959     0       1       1       730
959     1       1       0       66
960     0       0       1       794
960     1       0       0       165
961     0       0       1       322
961     1       1       1       559
962     0       0       1       1
962     1       0       0       30
963     0       1       1       407
963     1       1       0       861
964     0       1       1       877
964     1       0       1       772
965     0       0       0       17
965     1       0       0       485
966     0       0       1       862
966     1       0       0       514
967     0       1       0       318
967     1       1       1       841
968     0       1       1       6
968     1       1       0       760
969     0       0       1       826
969     1       0       1       574
970     0       0       1       430
970     1       1       0       616
971     0       0       0       9
971     1       1       1       570
972     0       0       0       216
972     1       0       0       155
973     0       0       0       708
973     1       0       1       200
974     0       1       1       789
974     1       0       0       906
975     0       1       0       801
975     1       0       1       795
976     0       1       0       264
976     1       1       0       847
977     0       1       0       722
977     1       1       0       102
978     0       0       1       153
978     1       1       1       983
979     0       1       0       553
979     1       0       1       860
980     0       0       0       630
980     1       1       1       52
981     0       1       1       82
981     1       0       1       64
982     0       0       0       846
982     1       0       0       836
983     0       0       1       926
983     1       0       0       25
984     0       1       1       141
984     1       0       1       145
985     0       1       1       813
985     1       0       0       266
986     0       0       1       986
986     1       0       1       945
987     0       0       1       6
987     1       1       0       724
988     0       1       1       254
988     1       1       0       763
989     0       1       1       106
989     1       1       0       862
990     0       0       0       625
990     1       0       1       802
991     0       0       1       856
991     1       1       1       938
992     0       1       1       162
992     1       0       0       241
993     0       0       1       510
993     1       0       0       495
994     0       0       1       547
994     1       0       1       693
995     0       0       0       554
995     1       1       1       412
996     0       0       0       993
996     1       0       1       408
997     0       1       0       796
997     1       1       1       634
998     0       0       0       540
998     1       1       1       891
999     0       1       1       691
999     1       0       0       876
1000    0       1       0       518
1000    1       0       0       414

Fitness Score       : 2798.46
Halted              : T
Sigma               : 24
Shifts              : 944
Last State          : 0
Last Position       : -30
Length Traversed    : 36
Avg Block Size      : 2.4
Max Block Size      : 6
Condensed Tape: (2 2 1 1 6 2 3 2 2 3)
**************************************************
